timestamp,text,like_count,reply_count,author,trailer_id,sentiment_score,datetime,used_for_model,used_for_visualization
2016-09-15T15:03:15,F*CKING FINALLY AAAAAHHHHHHHHHH !! :D,9,0,laure4869,juFmTNbFh8g,0.5,2016-09-15 15:03:15,True,True
2016-09-15T15:08:20,GIVE JAKE AN OSCAR,307,6,farah f,juFmTNbFh8g,0.0,2016-09-15 15:08:20,True,True
2016-09-15T15:29:00,Нипанятна (,0,0,Ilya M,juFmTNbFh8g,0.0,2016-09-15 15:29:00,True,True
2016-09-15T15:30:37,VOD!!,0,0,Seán Connolly,juFmTNbFh8g,0.0,2016-09-15 15:30:37,True,True
2016-09-15T15:33:38,"Amy Adams seems to give a great performance, as always does!",124,6,Stefano Di Luccia,juFmTNbFh8g,1.0,2016-09-15 15:33:38,True,True
2016-09-15T15:36:07,does anyone know whats the name of the song used in this by loduvico Einaudi which is said in the caption?,1,3,arqavan f,juFmTNbFh8g,0.0,2016-09-15 15:36:07,True,True
2016-09-15T15:45:45,"""select"" theaters. :'(",26,5,Atrijit Das,juFmTNbFh8g,-1.0,2016-09-15 15:45:45,True,True
2016-09-15T15:51:45,I'm dying to see this movie! 🙌,0,0,ElsiAlis,juFmTNbFh8g,0.0,2016-09-15 15:51:45,True,True
2016-09-15T16:01:12,Give Amy and Jake their fucking Oscars already. They've been robbed enough times; specially Amy.,17,0,Vibhooti Tiwari,juFmTNbFh8g,-0.08095238095238094,2016-09-15 16:01:12,True,True
2016-09-15T16:07:23,"Everybody here, deserves the Oscar.",32,0,DANNY BOY,juFmTNbFh8g,0.0,2016-09-15 16:07:23,True,True
2016-09-15T16:10:52,cakep,0,0,junes saputra,juFmTNbFh8g,0.0,2016-09-15 16:10:52,True,True
2016-09-15T16:11:47,"Aaron-Taylor Johnson is pretty good here! Didn't know he could actually ""act""!  Same goes to Armie Hammer!",4,1,Mr. Tey,juFmTNbFh8g,0.28125,2016-09-15 16:11:47,True,True
2016-09-15T16:15:59,"Tom Ford should be directing one per year, seriously.",270,14,Assis Junior,juFmTNbFh8g,-0.3333333333333333,2016-09-15 16:15:59,True,True
2016-09-15T16:24:20,Amy Adams is a goddess!,128,2,SuzanaR,juFmTNbFh8g,0.0,2016-09-15 16:24:20,True,True
2016-09-15T16:25:24,I can't wait. Jake and Amy are gonna body this.,1,0,TheXIIth,juFmTNbFh8g,0.0,2016-09-15 16:25:24,True,True
2016-09-15T16:26:55,"""My ex-husband used to call me a Tom Ford's Nocturnal Animals™""  Really?",13,2,King Xerocole,juFmTNbFh8g,0.2,2016-09-15 16:26:55,True,True
2016-09-15T16:38:00,"Amy, Shannon, Jake. looks so good.",0,0,Kal-El fan 49,juFmTNbFh8g,0.7,2016-09-15 16:38:00,True,True
2016-09-15T16:51:31,This year's 'Gone Girl'. Rotten Tomatoes rating looks good too.,96,16,GlareBox,juFmTNbFh8g,0.7,2016-09-15 16:51:31,True,True
2016-09-15T17:00:06,Looks great. A Single Man was an amazing movie. It's about time Tom Ford made another. Definitely one of my most-anticipated of the rest of the year.,56,3,Michael Greenwaldt,juFmTNbFh8g,0.3321428571428572,2016-09-15 17:00:06,True,True
2016-09-15T17:28:16,I'll go see anything with Amy Adams,195,10,Jojo717,juFmTNbFh8g,0.0,2016-09-15 17:28:16,True,True
2016-09-15T17:37:56,"In case you were wondering, the music in this trailer is ""Logos"" by Ludovico Einaudi.",78,3,jeffthefilmfan,juFmTNbFh8g,0.0,2016-09-15 17:37:56,True,True
2016-09-15T17:47:27,I love Jake Gyllenhaal 😍,1,0,Laber Kadaver,juFmTNbFh8g,0.5,2016-09-15 17:47:27,True,True
2016-09-15T18:07:00,Nocturnal Animals kinda like a... Nightcrawler?,173,11,The Pickled Pineapple,juFmTNbFh8g,0.0,2016-09-15 18:07:00,True,True
2016-09-15T18:10:09,"Tom Ford made it, I'm seeing it.",9,0,Advent3546,juFmTNbFh8g,0.0,2016-09-15 18:10:09,True,True
2016-09-15T18:17:29,Starring Amy Adams Stop right there... I'M IN,94,10,Joi4Madonna3mpress,juFmTNbFh8g,0.2857142857142857,2016-09-15 18:17:29,True,True
2016-09-15T18:24:13,Nocturnal Animals and Where To Find Them,295,8,André Camilo,juFmTNbFh8g,0.0,2016-09-15 18:24:13,True,True
2016-09-15T18:28:11,Damn Lois.,221,5,Superman,juFmTNbFh8g,0.0,2016-09-15 18:28:11,True,True
2016-09-15T18:42:34,Is this the year of Michael Shannon or Affleck? Both have been GOLDEN,18,7,DeVaughn Brown,juFmTNbFh8g,0.3,2016-09-15 18:42:34,True,True
2016-09-15T19:07:35,Jake Gyllenhaal <3 _ <3,4,0,Oisin MC,juFmTNbFh8g,1.0,2016-09-15 19:07:35,True,True
2016-09-15T19:11:12,"If this is even half as good as ""A Single Man"" this will be fantastic.",0,0,Kieran Loves You,juFmTNbFh8g,0.2154761904761905,2016-09-15 19:11:12,True,True
2016-09-15T19:38:36,"Oh shit, Armie Hammer!!!  Oh yeah, and Jake Gyllenhaal too...",1,0,Mister XVS,juFmTNbFh8g,-0.390625,2016-09-15 19:38:36,True,True
2016-09-15T19:43:19,This looks ridiculous,0,0,James Collopy,juFmTNbFh8g,-0.3333333333333333,2016-09-15 19:43:19,True,True
2016-09-15T19:46:03,how have i not heard about this film.... what a cast!,120,4,Dre BWayneToYou,juFmTNbFh8g,0.0,2016-09-15 19:46:03,True,True
2016-09-15T19:52:47,THis trailer wouldve been so much better with more thrilling music. lol. i rly wanna see this movie tho,0,0,Vigil,juFmTNbFh8g,0.5125,2016-09-15 19:52:47,True,True
2016-09-15T20:05:53,Damn....Tom Ford be making some must-watch films....from the trailer alone you can tell Jake and Amy have Oscar nominations written all over their roles.,7,0,Aj Raven,juFmTNbFh8g,0.0,2016-09-15 20:05:53,True,True
2016-09-15T20:08:48,Wow Perfect Trailer!!!,3,0,DeviN99de,juFmTNbFh8g,0.55,2016-09-15 20:08:48,True,True
2016-09-15T20:32:36,"'Thin line between Love and Cruelty'. GTFO  If you have any awareness at all about Love, the above statement is .. completely wrong",0,1,3989Mike,juFmTNbFh8g,0.019999999999999997,2016-09-15 20:32:36,True,True
2016-09-15T21:39:32,So often trailers spell the entire movie out for you. I have no idea whats going here and i love it!  I thought A Single Man was underrated. It was a great marriage of story and style and this looks to be no different.,4,0,tertianable,juFmTNbFh8g,0.27071428571428574,2016-09-15 21:39:32,True,True
2016-09-15T21:57:20,Is that the main character from Zodiac?,2,0,thxmxs,juFmTNbFh8g,0.16666666666666666,2016-09-15 21:57:20,True,True
2016-09-15T22:37:33,"Jake Gyllenhall better get an Oscar this time, he probably won't though",1,0,GreshTooFresh,juFmTNbFh8g,0.5,2016-09-15 22:37:33,True,True
2016-09-16T00:36:47,Armie Hammer <3,0,0,GiveBarlowen,juFmTNbFh8g,1.0,2016-09-16 00:36:47,True,True
2016-09-16T01:01:11,Film Nior is back!,3,0,Valerie Complex,juFmTNbFh8g,0.0,2016-09-16 01:01:11,True,True
2016-09-16T01:27:47,oh man. reallyyyyy looking forward to this one.,6,0,Jared Kunish,juFmTNbFh8g,0.0,2016-09-16 01:27:47,True,True
2016-09-16T01:40:01,It's Lois! Lois Lane! She's the key!,6,0,Isaac Clarke,juFmTNbFh8g,0.0,2016-09-16 01:40:01,True,True
2016-09-16T02:02:27,Now THAT's how you do a Trailer! EPIC… Tom Ford is a brilliant maestro!,7,0,Draconelius,juFmTNbFh8g,1.0,2016-09-16 02:02:27,True,True
2016-09-16T02:22:36,Looks dope,0,0,Justin Smith,juFmTNbFh8g,0.0,2016-09-16 02:22:36,True,True
2016-09-16T02:29:12,"Jake, Armie???? watching it",0,0,Tin,juFmTNbFh8g,0.0,2016-09-16 02:29:12,True,True
2016-09-16T02:31:28,Wait. Who directed it???????,6,1,jess perez,juFmTNbFh8g,0.0,2016-09-16 02:31:28,True,True
2016-09-16T02:43:47,Wow a trailer that makes the film look extremely interesting without giving away half of it!,518,16,Jasmine Velasquez,juFmTNbFh8g,0.13055555555555556,2016-09-16 02:43:47,True,True
2016-09-16T02:44:39,SO EXCITED FOR THIS,0,0,gabbyreads,juFmTNbFh8g,0.375,2016-09-16 02:44:39,True,True
2016-09-16T02:47:31,that looks good,0,0,John Nealis,juFmTNbFh8g,0.7,2016-09-16 02:47:31,True,True
2016-09-16T02:48:20,Amy Adams looks similar to Alice Eve,0,0,Lil Ugly Dude,juFmTNbFh8g,0.0,2016-09-16 02:48:20,True,True
2016-09-16T02:53:06,Fight Club- ish,0,0,Rick Sanchez,juFmTNbFh8g,0.0,2016-09-16 02:53:06,True,True
2016-09-16T03:14:10,This is a perfume ad filled with impossibly beautiful people playing average low-country Texans.,2,0,Bill Scurry,juFmTNbFh8g,0.3666666666666667,2016-09-16 03:14:10,True,True
2016-09-16T03:21:10,Twist: She goes full Gone Girl in the 3rd act,0,2,Eddard Liebber,juFmTNbFh8g,0.175,2016-09-16 03:21:10,True,True
2016-09-16T03:23:10,more interesting than 50shades. amy Adams 🙌🙌,11,0,Sarat R,juFmTNbFh8g,0.5,2016-09-16 03:23:10,True,True
2016-09-16T03:44:29,FOCUS presents ... Zodiac without Robert Downey Jr.,0,0,American Stroganoff,juFmTNbFh8g,0.0,2016-09-16 03:44:29,True,True
2016-09-16T03:47:17,Watching for the second time as I type.,0,0,L' Karlos,juFmTNbFh8g,0.0,2016-09-16 03:47:17,True,True
2016-09-16T03:51:50,I hope this is good so so bad,0,0,Seth Wondercheck,juFmTNbFh8g,5.551115123125783e-17,2016-09-16 03:51:50,True,True
2016-09-16T03:53:59,I'm hoping she's a vampire,1,0,ruddiko,juFmTNbFh8g,0.0,2016-09-16 03:53:59,True,True
2016-09-16T03:57:56,Cool,0,0,Chris Toys and Games,juFmTNbFh8g,0.35,2016-09-16 03:57:56,True,True
2016-09-16T04:13:50,Why are u cheating on superman with a source code?? WHY??? T.T,22,2,7madness,juFmTNbFh8g,0.0,2016-09-16 04:13:50,True,True
2016-09-16T04:26:51,I thought it was a game trailer,0,0,John Castillo,juFmTNbFh8g,-0.4,2016-09-16 04:26:51,True,True
2016-09-16T04:31:41,hard to say if it'll be good or not. Can't tell if Tom's style is original or just amateur. Or if the trailer was just cut awkwardly.,5,0,Ethan,juFmTNbFh8g,-0.013333333333333353,2016-09-16 04:31:41,True,True
2016-09-16T04:36:39,don't use these words.,0,0,TheTheratfarmer,juFmTNbFh8g,0.0,2016-09-16 04:36:39,True,True
2016-09-16T04:38:53,Is that Armie Hammer? Where has he been?,0,0,Ashani Francis,juFmTNbFh8g,0.0,2016-09-16 04:38:53,True,True
2016-09-16T04:44:37,Spoiler: She pooped on his face in the middle of the night.,108,6,50kT,juFmTNbFh8g,0.0,2016-09-16 04:44:37,True,True
2016-09-16T04:44:47,Looks interesting,1,0,Daily Foodie,juFmTNbFh8g,0.5,2016-09-16 04:44:47,True,True
2016-09-16T04:45:12,"so jake gyllenhaal hires general zod and quicksilver to kill his ex-wife, lois lane?",0,0,TheJohn9910,juFmTNbFh8g,0.05000000000000002,2016-09-16 04:45:12,True,True
2016-09-16T04:48:06,Amy Adams is so gorgeous I'd marry her even though she's 40 lol I'm 24,131,15,Pedro Mata,juFmTNbFh8g,0.75,2016-09-16 04:48:06,True,True
2016-09-16T05:04:05,"Screw Amy Adams she's the worst actress and most annoying actress ever, I can't believe she has a career in acting.",0,0,Damian cruz,juFmTNbFh8g,-0.325,2016-09-16 05:04:05,True,True
2016-09-16T05:06:13,"THEY FILMED NEAR MY HOME, I MET JAKE!!!!",1,2,Javier,juFmTNbFh8g,0.244140625,2016-09-16 05:06:13,True,True
2016-09-16T05:07:17,0:34 roll credits *ding*  0:42 sigh *ding*,8,0,xXgoturpistolaXx,juFmTNbFh8g,0.0,2016-09-16 05:07:17,True,True
2016-09-16T05:11:07,Jake!!!!! I missed you!!!,0,0,True2Live,juFmTNbFh8g,0.0,2016-09-16 05:11:07,True,True
2016-09-16T05:11:59,I thought this was a squeal to night crawler,0,0,basic204,juFmTNbFh8g,0.0,2016-09-16 05:11:59,True,True
2016-09-16T05:12:35,the new Twilight movie looks terrible.,0,0,Kimberly Menjivar,juFmTNbFh8g,-0.4318181818181818,2016-09-16 05:12:35,True,True
2016-09-16T05:16:47,Such a talented cast. Such an awful trailer.,0,0,Mike Boland,juFmTNbFh8g,-0.07500000000000001,2016-09-16 05:16:47,True,True
2016-09-16T05:26:59,Music: Ludovico Einaudi - Logos,67,8,Carin Cartaphilus,juFmTNbFh8g,0.0,2016-09-16 05:26:59,True,True
2016-09-16T05:34:05,movies with jake gyllenhaal are so frustrating,0,0,Bertha Lovejoy,juFmTNbFh8g,-0.4,2016-09-16 05:34:05,True,True
2016-09-16T05:34:13,The casting and the acting looks so damn good. I am looking forward for this.,0,0,deryk lei tiglao,juFmTNbFh8g,0.35,2016-09-16 05:34:13,True,True
2016-09-16T05:34:18,Jake gyllenhaal should be the green lantern Hal Jordan to make this trio complete,0,0,ancientloser,juFmTNbFh8g,-0.05,2016-09-16 05:34:18,True,True
2016-09-16T05:34:54,What did Donnie get himself into this time?,0,0,Elias,juFmTNbFh8g,0.0,2016-09-16 05:34:54,True,True
2016-09-16T05:39:24,this is what happened to Lois Lane after Superman's death,9,0,U SUCK,juFmTNbFh8g,0.0,2016-09-16 05:39:24,True,True
2016-09-16T05:42:54,"the cinematography is brilliant as well as the trailer and the score. excited to watch Ford's ""A Single Man"" for the first time tonight",3,0,Samuel Alemayhu,juFmTNbFh8g,0.36339285714285713,2016-09-16 05:42:54,True,True
2016-09-16T05:47:05,"the cinematography is brilliant as well as the trailer and the score. excited to watch Ford's ""A Single Man"" for the first time tonight",0,0,緑先輩,juFmTNbFh8g,0.36339285714285713,2016-09-16 05:47:05,True,True
2016-09-16T05:47:58,She's dead,0,0,Marius,juFmTNbFh8g,-0.2,2016-09-16 05:47:58,True,True
2016-09-16T05:54:38,they couldnt afford someone a bit sexier than that old actress?,0,0,Katie Parker,juFmTNbFh8g,0.1,2016-09-16 05:54:38,True,True
2016-09-16T05:57:00,"Not a particularly good trailer, but it looks like the film might be good. I sure hope so!",0,0,rcaoneill,juFmTNbFh8g,0.325,2016-09-16 05:57:00,True,True
2016-09-16T05:57:50,Who the hell wants to watch a female-centered movie?,0,0,Carnival,juFmTNbFh8g,0.2,2016-09-16 05:57:50,True,True
2016-09-16T06:00:33,When a fashion designer directed a movie better than a full fledged director.,0,0,BTS ARMY IS SHIT,juFmTNbFh8g,0.425,2016-09-16 06:00:33,True,True
2016-09-16T06:39:53,she killed his kids idk,0,0,brandon God mode,juFmTNbFh8g,-0.2,2016-09-16 06:39:53,True,True
2016-09-16T06:39:59,And the Oscar goes to...Michael Shannon's mustache!,0,0,Kyrie,juFmTNbFh8g,0.0,2016-09-16 06:39:59,True,True
2016-09-16T06:49:00,I've been hearing good thing about this from the festival circuit and I'm always down for some Jake Gyllenhaal.,1,0,Tim Page,juFmTNbFh8g,0.2722222222222222,2016-09-16 06:49:00,True,True
2016-09-16T06:56:40,more recycled actors ...,0,0,Jester2b04,juFmTNbFh8g,0.5,2016-09-16 06:56:40,True,True
2016-09-16T07:12:23,Ksizki,0,0,Risna Karini,juFmTNbFh8g,0.0,2016-09-16 07:12:23,True,True
2016-09-16T07:15:24,oh sorry i thought this is a superhero movie,0,0,saturrrnes,juFmTNbFh8g,-0.5,2016-09-16 07:15:24,True,True
2016-09-16T07:20:45,Name of the music ?,0,2,K. Aziz,juFmTNbFh8g,0.0,2016-09-16 07:20:45,True,True
2016-09-16T07:39:55,Looks good but only in select theaters??,0,0,Jacko Ludvich,juFmTNbFh8g,0.35,2016-09-16 07:39:55,True,True
2016-09-16T07:54:14,Enchanted still one of my fav movies,0,0,Julie D,juFmTNbFh8g,0.0,2016-09-16 07:54:14,True,True
2016-09-16T08:04:40,i'll watch it just for amy adams!,0,0,The Owocowy,juFmTNbFh8g,0.0,2016-09-16 08:04:40,True,True
2016-09-16T08:08:57,"I thought the title said, ""Nocturnal Emissions"". Same thing, I guess.",0,0,Angel L. Collado,juFmTNbFh8g,0.0,2016-09-16 08:08:57,True,True
2016-09-16T08:15:03,I don't pop molly but I'll watch this,0,0,Huehuehue,juFmTNbFh8g,0.0,2016-09-16 08:15:03,True,True
2016-09-16T08:34:50,"justice done you say, i know who we can call",0,0,BTW,juFmTNbFh8g,0.0,2016-09-16 08:34:50,True,True
2016-09-16T08:49:00,Excellent cast. Enticing plot. Eccentric cinematography. This movie is gonna be exemplary. I'm high on Ees today. Ehehe,0,0,Waqar Zahid,juFmTNbFh8g,0.38666666666666666,2016-09-16 08:49:00,True,True
2016-09-16T09:19:02,lois kane goes insane after superman dies,0,0,Slovak Gamer,juFmTNbFh8g,-1.0,2016-09-16 09:19:02,True,True
2016-09-16T09:39:09,so what did she do to him?,0,2,Vlad Vale,juFmTNbFh8g,0.0,2016-09-16 09:39:09,True,True
2016-09-16T09:47:22,so what did she do to him?,6,11,緑先輩,juFmTNbFh8g,0.0,2016-09-16 09:47:22,True,True
2016-09-16T10:15:53,OOO EEEMMM GEEEEEEE LAWD,0,0,Dee Ardis,juFmTNbFh8g,0.0,2016-09-16 10:15:53,True,True
2016-09-16T10:19:49,that looks good. I wanna see it now,0,0,Nadia Williams,juFmTNbFh8g,0.7,2016-09-16 10:19:49,True,True
2016-09-16T10:36:13,I. Love. This. Cast. I. Wanna. See. This. Movie.,0,0,REZZY,juFmTNbFh8g,0.5,2016-09-16 10:36:13,True,True
2016-09-16T11:11:53,so wheres henry cavill? zod and lois are there,0,0,mango,juFmTNbFh8g,0.0,2016-09-16 11:11:53,True,True
2016-09-16T11:28:00,She always does the...my life is falling apart movies. lol,4,1,DominicanMerida,juFmTNbFh8g,0.8,2016-09-16 11:28:00,True,True
2016-09-16T11:34:29,Lois lane after supermans death,0,0,Relax with ASMR,juFmTNbFh8g,0.0,2016-09-16 11:34:29,True,True
2016-09-16T11:38:43,woo what could she have done to him?,0,0,GHOST IN THE BLUR,juFmTNbFh8g,0.0,2016-09-16 11:38:43,True,True
2016-09-16T11:58:24,Btw what is is with Jake Gyllanhall and the nighttime?  Donnie Darko - nighttime easter bunny Nightcrawler Nocturnal Animals  Nightrider?.....,7,0,GlareBox,juFmTNbFh8g,0.0,2016-09-16 11:58:24,True,True
2016-09-16T12:01:26,Jake should be the joker. not Leto,0,0,Abi Nubli,juFmTNbFh8g,0.0,2016-09-16 12:01:26,True,True
2016-09-16T12:04:53,Wow this is beautifully shot.,0,0,Mr. N,juFmTNbFh8g,0.475,2016-09-16 12:04:53,True,True
2016-09-16T12:15:14,"Reminds me of gone girl for some reason. If there's actually a book about this, I'd rather read the book first then watch this. Gosh, I hope there's a book. Looks interesting.",3,1,Victor U,juFmTNbFh8g,0.25,2016-09-16 12:15:14,True,True
2016-09-16T12:19:04,"I need to go to see this, i really like the style of Tom Ford in A Single Man.",0,0,guyjojoto2,juFmTNbFh8g,0.0642857142857143,2016-09-16 12:19:04,True,True
2016-09-16T12:50:48,Oh hell this looks good,0,0,g sun,juFmTNbFh8g,0.7,2016-09-16 12:50:48,True,True
2016-09-16T12:52:22,Tom Ford should make a movie about an axe thrower and logger lost in the wilds of Montana with no positions other than his I-phone and a sandwich... and name the movie Shane Herrick,0,0,Shane Herrick,juFmTNbFh8g,-0.125,2016-09-16 12:52:22,True,True
2016-09-16T13:07:00,This looks interesting but I got one question...... Is that Rachel Dolezal??,1,0,Tee,juFmTNbFh8g,0.5,2016-09-16 13:07:00,True,True
2016-09-16T13:30:36,Everyone just shut yer grease holes.,0,0,DIAZ52,juFmTNbFh8g,0.0,2016-09-16 13:30:36,True,True
2016-09-16T13:31:04,I'm a nocturnal animal,0,0,Uhohhotdog Gaming,juFmTNbFh8g,0.0,2016-09-16 13:31:04,True,True
2016-09-16T14:01:25,Looks like one of those quiet movies that ends in disappointment.,0,1,OakhillSailor,juFmTNbFh8g,-0.3,2016-09-16 14:01:25,True,True
2016-09-16T14:04:01,I would rail the shit outta amy adams and em saggy tits,0,0,Kimjong Luke,juFmTNbFh8g,-0.2,2016-09-16 14:04:01,True,True
2016-09-16T14:04:34,A teaser more than a few seconds is just a trailer,0,0,priscilla ann st preux,juFmTNbFh8g,0.15,2016-09-16 14:04:34,True,True
2016-09-16T14:29:53,I love the fact that the trailer doesnt show much like i have no idea what to expect from this movie im so excited,0,0,L,juFmTNbFh8g,0.35833333333333334,2016-09-16 14:29:53,True,True
2016-09-16T14:40:21,Help me become the first one in my family to go to college ! Help me make my dreams come true ! https://www.gofundme.com/PovertyToEngland Any Donation Is Greatly Appreciated !,0,0,Mula Amati,juFmTNbFh8g,0.3333333333333333,2016-09-16 14:40:21,True,True
2016-09-16T14:41:22,meh,0,0,Mrawesome40,juFmTNbFh8g,0.0,2016-09-16 14:41:22,True,True
2016-09-16T14:46:09,"Amy Adams is an actor's actor. She seems to nail every role she's in, and from her co-stars she seems to always do her homework and is a perfectionist. I love people that are really passionate about their work",1,0,That's Rich,juFmTNbFh8g,0.225,2016-09-16 14:46:09,True,True
2016-09-16T14:49:21,This looks like it's going to be perversely good.,0,0,Pepins Spot,juFmTNbFh8g,0.7,2016-09-16 14:49:21,True,True
2016-09-16T14:51:52,does anyone ever auto click when you see Amy Adams? :),4,0,Raptor Jesus,juFmTNbFh8g,0.5,2016-09-16 14:51:52,True,True
2016-09-16T14:58:02,Looks boring and depressive,2,4,gp5,juFmTNbFh8g,-1.0,2016-09-16 14:58:02,True,True
2016-09-16T15:04:16,BEST TRAILER EVER 💕 I NEED TO SEE THIS MOVIE !,1,0,Maru,juFmTNbFh8g,1.0,2016-09-16 15:04:16,True,True
2016-09-16T15:14:15,ZZZZZZZzzzzzzz,0,0,Adriana Boga,juFmTNbFh8g,0.0,2016-09-16 15:14:15,True,True
2016-09-16T15:16:08,"amy adams killing it this year BVS, arrival and now this",0,0,ryan brathwaite,juFmTNbFh8g,0.0,2016-09-16 15:16:08,True,True
2016-09-16T15:27:04,she's hot,0,0,The Funk,juFmTNbFh8g,0.25,2016-09-16 15:27:04,True,True
2016-09-16T15:46:08,Bud what did she do!?,60,11,__,juFmTNbFh8g,0.0,2016-09-16 15:46:08,True,True
2016-09-16T15:49:36,It has an 8.3 on IMDb and a 75 metacritic right now so get hyped.,2,0,FlexTits,juFmTNbFh8g,0.2857142857142857,2016-09-16 15:49:36,True,True
2016-09-16T15:50:09,"nobody except her coughing crookedness...#seth rich, for one",0,0,kevin w,juFmTNbFh8g,0.375,2016-09-16 15:50:09,True,True
2016-09-16T16:03:03,My ex hillbilly husband. Everybody is dark as fuck in this movie. Is hard to take it seriously.,0,0,100% S,juFmTNbFh8g,-0.29375,2016-09-16 16:03:03,True,True
2016-09-16T16:04:58,Let me guess. She's an insomniac that has an alternate personality that starts a club where people fight each other for fun.,0,0,Michael McCallister,juFmTNbFh8g,0.05833333333333333,2016-09-16 16:04:58,True,True
2016-09-16T16:13:20,Lois Lane began breaking bad after Sup's death,2,0,Un Known,juFmTNbFh8g,-0.6999999999999998,2016-09-16 16:13:20,True,True
2016-09-16T16:15:13,I'll watch any movie that has Amy Adams in it..absolutely gorgeous,0,0,Rob Roy,juFmTNbFh8g,0.7,2016-09-16 16:15:13,True,True
2016-09-16T16:15:34,What did she do?,0,0,JoyMusic253,juFmTNbFh8g,0.0,2016-09-16 16:15:34,True,True
2016-09-16T16:23:06,looks fucking epic,0,0,Pankaj K,juFmTNbFh8g,0.1,2016-09-16 16:23:06,True,True
2016-09-16T16:25:06,Seeing because Jake Gyllenhaal,0,0,Valerie Ann,juFmTNbFh8g,0.0,2016-09-16 16:25:06,True,True
2016-09-16T16:26:26,Looks like an intense and smart new movie plot that 80% of people whom are idiots won't get and won't care about since it's not blown cars and flashing boobs oh well 20% all the way o/,2,0,Z POTATO,juFmTNbFh8g,-0.06233766233766236,2016-09-16 16:26:26,True,True
2016-09-16T16:26:29,"When jake is in the cast, count me in.",0,0,Lincoln,juFmTNbFh8g,0.0,2016-09-16 16:26:29,True,True
2016-09-16T16:30:27,I like Jake Gyllenhaal,0,0,Bounty Hunter,juFmTNbFh8g,0.0,2016-09-16 16:30:27,True,True
2016-09-16T16:37:27,"Adams, Gyllenhaal, Shannon. Yes.",5,0,XRJ92,juFmTNbFh8g,0.0,2016-09-16 16:37:27,True,True
2016-09-16T16:45:36,using Amy Adams and Isla Fisher. Very cool.,0,0,F#A#,juFmTNbFh8g,0.45499999999999996,2016-09-16 16:45:36,True,True
2016-09-16T17:00:21,"In prayer, God can still our hearts and quiet our minds. - A Heart For Prayer http://odb.org/hWf/",0,0,Earl Green,juFmTNbFh8g,0.0,2016-09-16 17:00:21,True,True
2016-09-16T17:06:14,154 people so far are complete numbskulls,0,0,N8,juFmTNbFh8g,0.1,2016-09-16 17:06:14,True,True
2016-09-16T17:17:36,154 people so far are complete numbskulls,0,0,緑先輩,juFmTNbFh8g,0.1,2016-09-16 17:17:36,True,True
2016-09-16T17:21:06,Superman sure is weird,0,0,Leon,juFmTNbFh8g,0.0,2016-09-16 17:21:06,True,True
2016-09-16T17:23:25,"Is the music the same music from ""The Accountant"" that Ben Affleck is starring in soon?",0,0,Saul Richardson,juFmTNbFh8g,0.0,2016-09-16 17:23:25,True,True
2016-09-16T17:23:37,True detective season 3 is h3re,0,0,Alex Bura,juFmTNbFh8g,0.35,2016-09-16 17:23:37,True,True
2016-09-16T17:24:16,Amy Adams? Sing me up!,1,0,RJ,juFmTNbFh8g,0.0,2016-09-16 17:24:16,True,True
2016-09-16T17:29:30,Amy Adams doesn't seem good in this.,0,0,RehanRC,juFmTNbFh8g,0.7,2016-09-16 17:29:30,True,True
2016-09-16T17:51:21,johny  johny eys papa,0,0,Maria,juFmTNbFh8g,0.0,2016-09-16 17:51:21,True,True
2016-09-16T17:58:52,THIS IS WHAT YOU CALL A TRAILER! I should't be able to make out what the film is about.. And thats a good thing!,0,0,Emmanuel Adéola,juFmTNbFh8g,0.6875,2016-09-16 17:58:52,True,True
2016-09-16T18:10:33,"i was expecting to see some animals you know, some bats or owls or even scorpions. fuck your misleading title movie.",12,4,mangatic776,juFmTNbFh8g,-0.4,2016-09-16 18:10:33,True,True
2016-09-16T18:19:50,Zod will find Lois.,0,0,Aben,juFmTNbFh8g,0.0,2016-09-16 18:19:50,True,True
2016-09-16T18:20:22,The purse girl gone bad,1,0,KuliJens,juFmTNbFh8g,-0.6999999999999998,2016-09-16 18:20:22,True,True
2016-09-16T18:21:19,"""it's fun to kill people. we should try it sometime"" *instant chills.",1,0,Chase A,juFmTNbFh8g,0.15,2016-09-16 18:21:19,True,True
2016-09-16T18:22:19,What is this stupid shit? I can't even tell what the movie is like,0,0,Itallian stallione,juFmTNbFh8g,-0.5,2016-09-16 18:22:19,True,True
2016-09-16T18:28:27,JAKE😍😍😍😍,0,0,A. C C,juFmTNbFh8g,0.0,2016-09-16 18:28:27,True,True
2016-09-16T18:28:57,I can't see any Adams without thinking Lois Lane,5,0,TheeLightBearer,juFmTNbFh8g,0.0,2016-09-16 18:28:57,True,True
2016-09-16T18:32:05,"I barely know what is going on BUUUUT did anyone else see a naken muscular man? About time they show a naked man, it's usually naken woman or topless woman -.- Not everyone that watches shows are men, some of us want some eye candy too :P Now I sound like a pervert :o",0,0,Ayveh,juFmTNbFh8g,0.16666666666666666,2016-09-16 18:32:05,True,True
2016-09-16T18:59:12,I'll watch anything with Amy. I love her.,0,0,2020 sucks,juFmTNbFh8g,0.5,2016-09-16 18:59:12,True,True
2016-09-16T18:59:53,How does amy adams keep getting work!? Good lord her acting is awful! Singlehandedly brought down american hustle,0,0,Mike G,juFmTNbFh8g,-0.09111111111111111,2016-09-16 18:59:53,True,True
2016-09-16T19:43:09,"Gyllenhaal is easily the most underrated actor at least in the 2000s, he is insanely talented, and I am baffled he hasn't won an Oscar.",3,0,WinActive,juFmTNbFh8g,0.3333333333333333,2016-09-16 19:43:09,True,True
2016-09-16T19:46:49,Holy shit this looks good!,0,0,David W,juFmTNbFh8g,0.3375,2016-09-16 19:46:49,True,True
2016-09-16T19:58:07,Oh fuck yeah I'm gonna see this,0,0,Olde Seacaptain,juFmTNbFh8g,-0.4,2016-09-16 19:58:07,True,True
2016-09-16T20:05:00,Fuck she lookin damn fine in this movie,0,0,Tony LeeIm,juFmTNbFh8g,0.008333333333333331,2016-09-16 20:05:00,True,True
2016-09-16T20:15:21,Tom Ford is an AMAZING writer and director. He seriously creates the best complex characters! Can't wait to see how well this does during awards season,0,0,Bianca Culpo,juFmTNbFh8g,0.2229166666666667,2016-09-16 20:15:21,True,True
2016-09-16T20:20:29,Jesus is coming soon! Who here wants to get saved and live for Christ we will all stand before him!!!,8,11,Befikir Ephrem,juFmTNbFh8g,0.23316761363636362,2016-09-16 20:20:29,True,True
2016-09-16T20:25:24,Tom ford like the perfume dude?,0,0,vickie g,juFmTNbFh8g,0.0,2016-09-16 20:25:24,True,True
2016-09-16T20:28:17,Tom Ford? Like the designer Tom Ford?,0,1,OMG its Me,juFmTNbFh8g,0.0,2016-09-16 20:28:17,True,True
2016-09-16T20:28:18,This is confusing. Just give me another Transformers.,0,0,c0mputer,juFmTNbFh8g,-0.3,2016-09-16 20:28:18,True,True
2016-09-16T20:39:50,*GENERAL ZOD!*,0,0,Ken Killings,juFmTNbFh8g,0.06250000000000003,2016-09-16 20:39:50,True,True
2016-09-16T20:44:41,Amy Adams is one beautiful woman.,1,0,BasileusRex,juFmTNbFh8g,0.85,2016-09-16 20:44:41,True,True
2016-09-16T20:45:01,"I love Amy, but what is this movie about lol",0,0,Aims,juFmTNbFh8g,0.65,2016-09-16 20:45:01,True,True
2016-09-16T20:53:15,"See Amy Adams in the thumbnail....thats enough, I'm sold!!",0,0,Juan Grande Franco,juFmTNbFh8g,0.0,2016-09-16 20:53:15,True,True
2016-09-16T21:06:25,i think  i am one  ... i hardly  ever  sleep  at night  .,0,0,shikamaru nara,juFmTNbFh8g,-0.2916666666666667,2016-09-16 21:06:25,True,True
2016-09-16T21:13:19,amy 😍,0,0,Zuhair Yassin,juFmTNbFh8g,0.0,2016-09-16 21:13:19,True,True
2016-09-16T21:17:12,"I actually don't sleep a lot, maybe like 2 to 5 hours every night, that's why I clicked the video. 🌙🤔📱",0,0,Zeke,juFmTNbFh8g,0.0,2016-09-16 21:17:12,True,True
2016-09-16T21:21:35,This actually looks really good! I really don't venture much outside of fantasy/sci-fi movies...but this looks interesting.,2,0,Chi Chi,juFmTNbFh8g,0.315,2016-09-16 21:21:35,True,True
2016-09-16T21:33:06,"can you say GAYYYYYYYYY!!!!!!!!    They are putting this girl in way to many movies now just like a ton of other actors which are in every movie it seems like.They need to stop because it's really annoying and you can tell people are completely out of ideas on filming these days and it's obvious,most movies now are the same movies,corny as hell,cheesy or just stupid and really gay....  imagine that..  I miss the old days growing up when movies were 100% awesome hands down and when you could go to blockbuster to pick out with the family what you wanted to sit back and watch that night with all the choices of great movies....  now it's just like,,,no,no,nope,,hell no,,  gayyyyyyyyy,,,  hell to the naw naw....   ok I just give up at this point...",0,0,Sharper Image Pro Services,juFmTNbFh8g,0.11816239316239317,2016-09-16 21:33:06,True,True
2016-09-16T21:51:32,I am sure this is all of it the movie,0,0,Power Ranger,juFmTNbFh8g,0.5,2016-09-16 21:51:32,True,True
2016-09-16T22:15:03,ayy zod and lois,0,0,feelsgoodman,juFmTNbFh8g,0.0,2016-09-16 22:15:03,True,True
2016-09-16T22:16:34,Jake gyllenhaal and Michael Shannon in a movie together? take maaah money! 💵,0,0,TheRadikalGamer,juFmTNbFh8g,0.0,2016-09-16 22:16:34,True,True
2016-09-16T22:19:36,this shit actually looks fuckin decent,0,0,Troll God,juFmTNbFh8g,-0.011111111111111118,2016-09-16 22:19:36,True,True
2016-09-16T22:20:35,I AM SO EXCITED FOR THIS MOVIE!!!,0,0,Jade Lee,juFmTNbFh8g,0.732421875,2016-09-16 22:20:35,True,True
2016-09-16T22:42:54,oh shit was that Vod from Fresh Meat?,0,0,Gary Ross,juFmTNbFh8g,0.04999999999999999,2016-09-16 22:42:54,True,True
2016-09-16T22:48:45,"Terrible music... did not represent the movies tone well at all. And also, feels like kind of a nigtcrawler rip off.",0,0,Thomas Solowiej,juFmTNbFh8g,-0.2,2016-09-16 22:48:45,True,True
2016-09-16T22:55:26,Trash,0,0,Guest Account,juFmTNbFh8g,0.0,2016-09-16 22:55:26,True,True
2016-09-16T23:09:22,"Wow, a movie about white people doing things to other white people I'm so enthralled -.-",1,1,Cait B,juFmTNbFh8g,-0.006249999999999999,2016-09-16 23:09:22,True,True
2016-09-16T23:10:01,this trailer already got me fucked up,0,0,MrSensasian,juFmTNbFh8g,-0.6,2016-09-16 23:10:01,True,True
2016-09-16T23:29:32,Amy looks amazing!,0,0,Chairman,juFmTNbFh8g,0.7500000000000001,2016-09-16 23:29:32,True,True
2016-09-16T23:31:04,Did they mean for this to be funny?,0,0,theloniousMac,juFmTNbFh8g,-0.03125,2016-09-16 23:31:04,True,True
2016-09-16T23:34:38,Run Lois! Zod after you again Lol,12,0,Smoke MK,juFmTNbFh8g,0.8,2016-09-16 23:34:38,True,True
2016-09-16T23:35:02,Needs more Jake,0,0,Meowth,juFmTNbFh8g,0.5,2016-09-16 23:35:02,True,True
2016-09-16T23:35:55,damn. that is quite the cast.,0,0,Alex Rupp,juFmTNbFh8g,0.0,2016-09-16 23:35:55,True,True
2016-09-16T23:49:39,This looks good,0,0,Chris,juFmTNbFh8g,0.7,2016-09-16 23:49:39,True,True
2016-09-17T00:04:20,"Amy Adam, Hollywood's prettiest and most classic actress at age 20, 30 and 40. Go see her in the 1999 comedy Drop Dead Gorgeous",19,5,Peizxcv,juFmTNbFh8g,0.29166666666666663,2016-09-17 00:04:20,True,True
2016-09-17T00:12:49,zzzzzzzzzzz......,0,0,G1ForLife,juFmTNbFh8g,0.0,2016-09-17 00:12:49,True,True
2016-09-17T00:17:31,"When Superman comes back, he's gonna fuck that guy.",26,1,Aryan Zagros,juFmTNbFh8g,-0.2,2016-09-17 00:17:31,True,True
2016-09-17T00:42:02,Tom Ford is great director and designer.,0,0,A A,juFmTNbFh8g,0.8,2016-09-17 00:42:02,True,True
2016-09-17T01:08:26,I like these people. I like this trailer. I think I'll see the movie.,0,0,Torr Gud,juFmTNbFh8g,0.0,2016-09-17 01:08:26,True,True
2016-09-17T01:13:50,This seems very interesting,0,0,Sui Mikhail,juFmTNbFh8g,0.65,2016-09-17 01:13:50,True,True
2016-09-17T01:20:45,This looks like money.,0,0,Adam Nolet,juFmTNbFh8g,0.0,2016-09-17 01:20:45,True,True
2016-09-17T01:43:19,dear Amy Adams  please sit on my face  -me,28,5,Houston from houston,juFmTNbFh8g,0.0,2016-09-17 01:43:19,True,True
2016-09-17T01:48:56,Amy Adams is gonna win an Oscar next year -for NOCTURNAL ANIMALS or THE ARRIVAL,2,0,nitara,juFmTNbFh8g,0.4,2016-09-17 01:48:56,True,True
2016-09-17T02:01:07,"If Joaquin took on the sheriff, the superego-ego-id being the same guy would be more obvious.",0,0,shoreloop,juFmTNbFh8g,0.16666666666666666,2016-09-17 02:01:07,True,True
2016-09-17T02:17:17,id go balls deep into amy..,0,0,D J,juFmTNbFh8g,0.0,2016-09-17 02:17:17,True,True
2016-09-17T02:17:52,is it me or does it sound like everybody's whispering?,0,0,long so,juFmTNbFh8g,0.4,2016-09-17 02:17:52,True,True
2016-09-17T02:19:42,scatter story,0,0,Tamara Johnson,juFmTNbFh8g,0.0,2016-09-17 02:19:42,True,True
2016-09-17T02:51:44,Jake's face looks weird lately. Too much toxi,0,0,F L,juFmTNbFh8g,-0.20000000000000004,2016-09-17 02:51:44,True,True
2016-09-17T02:54:00,this looks good...,0,0,DivaGirl10,juFmTNbFh8g,0.7,2016-09-17 02:54:00,True,True
2016-09-17T02:58:34,And The Oscar goes to....,4,0,xzyby26,juFmTNbFh8g,0.0,2016-09-17 02:58:34,True,True
2016-09-17T03:06:47,Another Jake Glyllenhaal Classic. Next Denzel Washington lol,0,0,Daniel Morocho,juFmTNbFh8g,0.32222222222222224,2016-09-17 03:06:47,True,True
2016-09-17T03:26:40,AMY ADAMSS,1,0,Kara Zor-El,juFmTNbFh8g,0.0,2016-09-17 03:26:40,True,True
2016-09-17T03:59:31,Amy Adams Is One Hot Actress!!!❤️,6,0,Travis Hughes,juFmTNbFh8g,0.25,2016-09-17 03:59:31,True,True
2016-09-17T04:18:04,"""I did something horrible to him"" , What did she do?????.......I'm definitely Intrigued.....",1,0,Syed Abdul Wasay,juFmTNbFh8g,-0.5,2016-09-17 04:18:04,True,True
2016-09-17T04:21:59,Where's super man,0,0,Rosana Valenzuela,juFmTNbFh8g,0.3333333333333333,2016-09-17 04:21:59,True,True
2016-09-17T04:23:17,Where The Wild Nocturnal Animals Are,0,0,SuperShanko,juFmTNbFh8g,0.1,2016-09-17 04:23:17,True,True
2016-09-17T04:26:25,"I don't get it, someone please elaborate",3,1,애슐리RKIVE,juFmTNbFh8g,0.5,2016-09-17 04:26:25,True,True
2016-09-17T04:49:13,You had me at Jake Gyllenhal..,0,0,Aneesh Tangirala,juFmTNbFh8g,0.0,2016-09-17 04:49:13,True,True
2016-09-17T04:52:07,The girl in the thumbnail is ugly af,0,0,WildeNFoxy,juFmTNbFh8g,-0.7,2016-09-17 04:52:07,True,True
2016-09-17T05:06:30,beautiful,0,0,Justin ac,juFmTNbFh8g,0.85,2016-09-17 05:06:30,True,True
2016-09-17T05:10:56,"I didn't choose the Amy Adams life, it chose me",2,0,blck chsm,juFmTNbFh8g,0.0,2016-09-17 05:10:56,True,True
2016-09-17T05:29:27,This looks awesome and can't wait to watch it!,0,0,Ayesha Qureshi,juFmTNbFh8g,1.0,2016-09-17 05:29:27,True,True
2016-09-17T07:17:33,does amy need to be on everything..... boring,0,0,Raul Razo,juFmTNbFh8g,-1.0,2016-09-17 07:17:33,True,True
2016-09-17T07:32:18,"THIS IS HOW TRAILERS SHOULD BE! They should create enough intrigue to entice you to go see the movie, not give away the whole damn plot in 3 minutes.",0,0,TaylorBlevinsable,juFmTNbFh8g,0.1,2016-09-17 07:32:18,True,True
2016-09-17T07:42:13,reminds me of lost highway by david lynch,0,0,Shad0wmoses,juFmTNbFh8g,0.0,2016-09-17 07:42:13,True,True
2016-09-17T08:35:30,I thought this was the remake of that Cronenburg movie about the people how get arroused by car accidents,0,0,Mantaris Cheap Loser,juFmTNbFh8g,0.0,2016-09-17 08:35:30,True,True
2016-09-17T09:02:55,just give the woman a damn Oscar already,0,0,Thuc Nguyen,juFmTNbFh8g,0.0,2016-09-17 09:02:55,True,True
2016-09-17T09:14:54,is her ex superman,0,0,LMR,juFmTNbFh8g,0.0,2016-09-17 09:14:54,True,True
2016-09-17T09:45:09,How many times do I have to tell people that I don't want any subs but people don't listen anyway and just subs on my channel.,0,0,g0o0o0o7,juFmTNbFh8g,0.5,2016-09-17 09:45:09,True,True
2016-09-17T10:32:56,"Ok, so now what is it about.",2,1,How Bizzare?,juFmTNbFh8g,0.5,2016-09-17 10:32:56,True,True
2016-09-17T11:23:10,"I was anticipating seeing fangs, claws and at least a howl !",0,0,Jonboy I,juFmTNbFh8g,-0.375,2016-09-17 11:23:10,True,True
2016-09-17T11:38:10,Adams is the kiss of death for great film making. She's high over-rated,0,0,snarkleton26,juFmTNbFh8g,0.48000000000000004,2016-09-17 11:38:10,True,True
2016-09-17T12:21:24,This looks sooo good!,0,0,Chastity Salas,juFmTNbFh8g,0.875,2016-09-17 12:21:24,True,True
2016-09-17T13:20:14,"OK, I have no idea what this is about.",0,0,DudeWatches,juFmTNbFh8g,0.5,2016-09-17 13:20:14,True,True
2016-09-17T13:58:37,Dear God this made me shiver,0,0,Zarin Fernandes,juFmTNbFh8g,0.0,2016-09-17 13:58:37,True,True
2016-09-17T13:59:04,"I'm straight, but Jake Gyllenhaal is damn fine",0,0,Zarin Fernandes,juFmTNbFh8g,0.30833333333333335,2016-09-17 13:59:04,True,True
2016-09-17T14:56:12,looks like a good movie but the music they chose for the trailer is very cliche.,1,0,Mya Writes Things,juFmTNbFh8g,0.44999999999999996,2016-09-17 14:56:12,True,True
2016-09-17T15:04:06,i have no idea what the movie is about in fact after watching it i know less than before watching it,9,0,Mateusz Najda,juFmTNbFh8g,-0.16666666666666666,2016-09-17 15:04:06,True,True
2016-09-17T15:24:54,Wack!!,0,0,Angel Gabriel,juFmTNbFh8g,0.0,2016-09-17 15:24:54,True,True
2016-09-17T15:47:10,"Lois Lane, General Zod,  & Quicksilver how ironic.",0,0,Catspaw,juFmTNbFh8g,0.125,2016-09-17 15:47:10,True,True
2016-09-17T16:15:07,this is how trailers should be made. look at how much footage was shown and guess what? no idea WTF is going on.,542,17,Jacen Cage,juFmTNbFh8g,-0.15,2016-09-17 16:15:07,True,True
2016-09-17T16:34:54,I thought this was gonna be about nocturnal animals going on a killing spree 😑🙁🙁,2,0,raven johnson,juFmTNbFh8g,0.0,2016-09-17 16:34:54,True,True
2016-09-17T16:57:50,"It is based on a book from 1993 ""Tony and Susan"" by Austin Wright, which is really interesting.",0,0,Lewis C,juFmTNbFh8g,0.5,2016-09-17 16:57:50,True,True
2016-09-17T17:08:13,This cast and this tension!,1,0,Keep Calm And Travel On,juFmTNbFh8g,0.0,2016-09-17 17:08:13,True,True
2016-09-17T17:08:44,female version of the machinist?,0,0,pontageek,juFmTNbFh8g,0.0,2016-09-17 17:08:44,True,True
2016-09-17T17:12:57,Cool. A movie about people and not super heroes.  Looks interesting.,0,0,bhord2010,juFmTNbFh8g,0.22777777777777777,2016-09-17 17:12:57,True,True
2016-09-17T17:17:40,"Lois Lane,General Zod, and Quicksilver ha! seems like a good movie though.",3,0,blackavenue,juFmTNbFh8g,0.7,2016-09-17 17:17:40,True,True
2016-09-17T17:27:48,"In the middle of the trailer I stopped it because I got interested and it was getting too revealing. I HATE when they do that! It's great that I saw it on YouTube and not in a theatre, that way I could stop it.",0,0,martinisrael7,juFmTNbFh8g,0.012500000000000011,2016-09-17 17:27:48,True,True
2016-09-17T18:18:53,"That's what I like about Amy Adams and similar folk who will jump from fluffy fantasies like Enchanted, heavy sci-fi, comic book movie, racy thriller and so on. Just makes their filmography interesting to look at.",2,0,SuperShanko,juFmTNbFh8g,0.06999999999999999,2016-09-17 18:18:53,True,True
2016-09-17T19:15:45,when butt play goes wrong,0,0,Ssgokulv2,juFmTNbFh8g,-0.5,2016-09-17 19:15:45,True,True
2016-09-17T19:53:19,Has to be the most boring trailer I've seen in months,0,0,Nani Pappu,juFmTNbFh8g,-0.25,2016-09-17 19:53:19,True,True
2016-09-17T20:57:40,"I don't usually like trailers, they expose to much.. This has me wanting more..",83,2,tdbjf,juFmTNbFh8g,0.15,2016-09-17 20:57:40,True,True
2016-09-17T21:27:08,Finally a trailer that isn't a whole movie.  Looking forward to this.,8,0,Wajahat Hasib,juFmTNbFh8g,0.1,2016-09-17 21:27:08,True,True
2016-09-17T21:47:51,#OscarforAmy,1,0,Adeel Intikhab,juFmTNbFh8g,0.0,2016-09-17 21:47:51,True,True
2016-09-17T21:49:55,"the trailer looks terrible, but hopefully the movie is better",0,0,Matt Miller,juFmTNbFh8g,-0.25,2016-09-17 21:49:55,True,True
2016-09-17T21:51:54,This. Looks. Awesome!!!!,0,0,Mohamed Sherif,juFmTNbFh8g,1.0,2016-09-17 21:51:54,True,True
2016-09-17T22:13:22,Tom Ford the designer?,0,0,mac rolen,juFmTNbFh8g,0.0,2016-09-17 22:13:22,True,True
2016-09-17T22:34:55,OH MY GOD ITS VOD,1,0,leosgran,juFmTNbFh8g,0.0,2016-09-17 22:34:55,True,True
2016-09-17T22:44:37,aaron johnson should be the next joker,1,0,M DP,juFmTNbFh8g,0.0,2016-09-17 22:44:37,True,True
2016-09-17T22:59:36,Tom Ford is a director ?,0,0,m m,juFmTNbFh8g,0.0,2016-09-17 22:59:36,True,True
2016-09-17T23:05:16,"Oh my God, VOD!!!",0,0,Kertisy,juFmTNbFh8g,0.0,2016-09-17 23:05:16,True,True
2016-09-17T23:16:18,Looks great. Amazing cast and I can definitely see some Oscar nominations coming this movie's way.,1,0,Tiago Cruz,juFmTNbFh8g,0.46666666666666673,2016-09-17 23:16:18,True,True
2016-09-17T23:24:45,Another twisted dark Neo Noir fantasy with Jake Gyllenhaal? Sign me in!,1,0,Ivan Rodriguez,juFmTNbFh8g,-0.34375,2016-09-17 23:24:45,True,True
2016-09-17T23:26:16,new DC movie: Zod vs Lois Lane.,0,0,S S,juFmTNbFh8g,0.13636363636363635,2016-09-17 23:26:16,True,True
2016-09-17T23:50:05,giselle is that you??? where is edward?,0,0,Izziee Dawson,juFmTNbFh8g,0.0,2016-09-17 23:50:05,True,True
2016-09-18T02:03:18,Looks godless. We need more people like Oprah in the movies.,0,1,jsfetters,juFmTNbFh8g,0.5,2016-09-18 02:03:18,True,True
2016-09-18T02:28:13,I might check it out.,0,0,ididntreallymeanit,juFmTNbFh8g,0.0,2016-09-18 02:28:13,True,True
2016-09-18T02:42:45,holy fucking shit,3,0,Broski Movies,juFmTNbFh8g,-0.2,2016-09-18 02:42:45,True,True
2016-09-18T03:22:14,a penis a day keeps me gay,0,0,Chirurgeon Crane,juFmTNbFh8g,0.4166666666666667,2016-09-18 03:22:14,True,True
2016-09-18T04:16:17,"holy fuck, I am intrigued",2,0,Bhaskar Singh Tomar,juFmTNbFh8g,-0.4,2016-09-18 04:16:17,True,True
2016-09-18T04:40:21,I see oscar nominations.,0,0,liverunninG,juFmTNbFh8g,0.0,2016-09-18 04:40:21,True,True
2016-09-18T05:15:27,Whenever I see a movie trailer with only white faces I get very turned off,1,1,Gabrielle Henderson,juFmTNbFh8g,0.06666666666666667,2016-09-18 05:15:27,True,True
2016-09-18T05:43:53,General Zod chasing Louis again pfft,0,0,ABR,juFmTNbFh8g,0.05000000000000002,2016-09-18 05:43:53,True,True
2016-09-18T05:55:47,"this movie say "" fuck you gone girl, I'm taking your spot now""",4,0,Incredible Tom,juFmTNbFh8g,-0.4,2016-09-18 05:55:47,True,True
2016-09-18T06:01:48,BORING,0,0,Irodoku Puzzle,juFmTNbFh8g,-1.0,2016-09-18 06:01:48,True,True
2016-09-18T07:07:06,somebody give jake an oscar already,0,0,Joshua Velarde,juFmTNbFh8g,0.0,2016-09-18 07:07:06,True,True
2016-09-18T09:12:47,i would fuck the shit out of amy adams even if she's a nocturnal animal lookin ass.,0,0,jamesasui,juFmTNbFh8g,-0.30000000000000004,2016-09-18 09:12:47,True,True
2016-09-18T10:44:48,Mrskin brought me here! FeelsGoodMan,0,0,Blancetnoir,juFmTNbFh8g,0.0,2016-09-18 10:44:48,True,True
2016-09-18T10:59:24,This looks effin DARK! Cant wait to see it!!,0,0,J. E. Murl,juFmTNbFh8g,-0.29296875,2016-09-18 10:59:24,True,True
2016-09-18T11:33:38,Gyllenhaal makes some of the best film choices. I’m looking forward to this one.,17,0,savvysearch,juFmTNbFh8g,1.0,2016-09-18 11:33:38,True,True
2016-09-18T12:50:43,he really looks like elizabeth olsen... 1:41,0,0,Audrey Amelinda,juFmTNbFh8g,0.2,2016-09-18 12:50:43,True,True
2016-09-18T13:39:37,I haven't watched the film but she deserves an Oscar. That is all I know.,0,0,Sami 44,juFmTNbFh8g,0.0,2016-09-18 13:39:37,True,True
2016-09-18T14:00:15,"Looks interesting, I'm intrigued. Definitely will look out for this in the theaters.",1,0,kittenpawsbb,juFmTNbFh8g,0.25,2016-09-18 14:00:15,True,True
2016-09-18T14:39:31,"Why are there so many dumb husband and wife movies all of a sudden. I hate trends like this, be ORIGINALS Hollywood",0,0,NotBizzy,juFmTNbFh8g,-0.16875,2016-09-18 14:39:31,True,True
2016-09-18T15:44:21,VOD!!!!!,0,0,amirzee93,juFmTNbFh8g,0.0,2016-09-18 15:44:21,True,True
2016-09-18T16:58:31,can't wait to see this movie with Amy Adams she is sexy and gorgeous,5,0,Lee Allen Beal,juFmTNbFh8g,0.6,2016-09-18 16:58:31,True,True
2016-09-18T18:52:13,I think at this point I'd watch anything Jake Jyllenhal is in,0,0,Philip Basin,juFmTNbFh8g,0.0,2016-09-18 18:52:13,True,True
2016-09-18T19:07:27,man this film looks really  good can't wait to see it! they don't make many good ones like this anymore,0,0,Ariel,juFmTNbFh8g,0.6916666666666668,2016-09-18 19:07:27,True,True
2016-09-18T19:53:14,"well this tommy boy can make some beautiful things. And judging by the last movie, write them also.",1,0,Mustavo Gaia,juFmTNbFh8g,0.425,2016-09-18 19:53:14,True,True
2016-09-18T21:37:20,I'm guessing she unfollowed him on Instagram and he went all psycho on her,5,0,Bob Belcher,juFmTNbFh8g,0.0,2016-09-18 21:37:20,True,True
2016-09-18T22:32:20,Anyone here likes it in the booty?,0,0,Bruce Frausto,juFmTNbFh8g,0.0,2016-09-18 22:32:20,True,True
2016-09-18T23:01:10,Amy Adams is on a roll!,4,0,tree bear,juFmTNbFh8g,0.0,2016-09-18 23:01:10,True,True
2016-09-19T00:33:30,This is out the day before by bday! im not watching it,0,0,Smiley_rylee Lol,juFmTNbFh8g,0.0,2016-09-19 00:33:30,True,True
2016-09-19T01:17:41,this is some gone girl shit rite here,0,0,eric cartmen,juFmTNbFh8g,-0.2,2016-09-19 01:17:41,True,True
2016-09-19T05:23:25,Tom Ford is fucking amazing.  He's the most interesting director since David Lynch.,1,0,Cosmoline,juFmTNbFh8g,0.5333333333333333,2016-09-19 05:23:25,True,True
2016-09-19T06:32:57,this was beautifully edited omg,4,0,Sphanks,juFmTNbFh8g,0.85,2016-09-19 06:32:57,True,True
2016-09-19T06:49:11,Who is the woman with the black curly hair and black eye make-up ?,0,3,CGH,juFmTNbFh8g,-0.16666666666666666,2016-09-19 06:49:11,True,True
2016-09-19T09:45:35,Fuck Superman one time and all of a sudden you're at liberty to plaster your face in numerous trailers all over my recommended videos..,0,0,Captain Obvious,juFmTNbFh8g,-0.13333333333333333,2016-09-19 09:45:35,True,True
2016-09-19T12:37:41,Give her that Oscar already...,58,6,featmyself,juFmTNbFh8g,0.0,2016-09-19 12:37:41,True,True
2016-09-19T14:47:31,"Lois Lane Stand-alone Movie, how nice",2,0,RekTheDevil,juFmTNbFh8g,0.6,2016-09-19 14:47:31,True,True
2016-09-19T15:32:40,"we saw the general,the reporter now where is the superman?",0,2,Never Mind,juFmTNbFh8g,0.0,2016-09-19 15:32:40,True,True
2016-09-19T16:38:22,I don't understand shit,0,0,ranger rick,juFmTNbFh8g,-0.2,2016-09-19 16:38:22,True,True
2016-09-19T19:01:11,it's Vod,0,0,Air Quotes,juFmTNbFh8g,0.0,2016-09-19 19:01:11,True,True
2016-09-19T19:02:53,More misogynistic bollocks being churned out of the Hollywood machine. No thanks.,0,4,Gra Piken,juFmTNbFh8g,0.2,2016-09-19 19:02:53,True,True
2016-09-19T19:12:51,Amy Adams and Jake Gyllenhaal? I'm in.,0,0,Anita Lee,juFmTNbFh8g,0.0,2016-09-19 19:12:51,True,True
2016-09-19T19:28:12,"While I'm hyped, after reading the description I've come to the conclusion that the trailer has been edited by someone outside the production and probably tries to showcase a different (more interesting) movie altogether.",0,0,Illusionaire1,juFmTNbFh8g,0.18,2016-09-19 19:28:12,True,True
2016-09-19T20:28:03,"woah, it's KickAss!  (Aaron taylor-johnson)",4,0,Hobo G,juFmTNbFh8g,0.0,2016-09-19 20:28:03,True,True
2016-09-19T20:30:14,the movie looks  good I might go see it,4,0,Terrianna Wallace,juFmTNbFh8g,0.7,2016-09-19 20:30:14,True,True
2016-09-19T21:27:39,Something Almodovarian about this trailer. Exciting.,0,0,Felix Gil,juFmTNbFh8g,0.3,2016-09-19 21:27:39,True,True
2016-09-19T21:34:55,"Gyllenhaal doesn't star in comedies, does he? I'm scared the guy is going to lose it. Extremely talented, though.",1,0,Corey Hughes,juFmTNbFh8g,0.7,2016-09-19 21:34:55,True,True
2016-09-20T00:00:00,Tom Ford's direction is undeniably beautiful. ('A Single Man' is a gorgeous film!) I hope the writing matches his eye along with the incredible acting talent involved with this film.,1,0,LuKasAV6,juFmTNbFh8g,0.5107142857142857,2016-09-20 00:00:00,True,True
2016-09-20T03:42:10,"Hey look, a movie that looks worth my time.",0,0,Samestro,juFmTNbFh8g,0.3,2016-09-20 03:42:10,True,True
2016-09-20T04:47:06,This entire cast is amazing,0,0,claystar9valor,juFmTNbFh8g,0.30000000000000004,2016-09-20 04:47:06,True,True
2016-09-20T07:20:29,"anybody else come here just to comment ""Nocturnal Emissions""?",0,0,iceicebuddy,juFmTNbFh8g,0.0,2016-09-20 07:20:29,True,True
2016-09-20T12:54:09,I hope its better than A Single Man - I found that a very empty film which was all style over substance,0,0,Brian Eduardo,juFmTNbFh8g,0.09952380952380953,2016-09-20 12:54:09,True,True
2016-09-20T13:15:41,Watch.   22adaynoway,0,0,22 A Day No Way,juFmTNbFh8g,0.0,2016-09-20 13:15:41,True,True
2016-09-20T14:01:02,it looks so beautiful. I wonder what i waitin for,0,0,Ali Mert Çaykovski,juFmTNbFh8g,0.85,2016-09-20 14:01:02,True,True
2016-09-20T14:18:07,"I just can't believe the amount of exceptionally good movies Jake Gyllenhal is doing. His every movie is a masterpiece. He is my favorite actor of Hollywood right now. So, now I see Jake I buy.",116,5,Tahmid Antar,juFmTNbFh8g,0.49523809523809526,2016-09-20 14:18:07,True,True
2016-09-20T14:18:45,Oh yeah and when is the Academy gonna grow some brains and give him an Oscar?,2,0,Tahmid Antar,juFmTNbFh8g,0.0,2016-09-20 14:18:45,True,True
2016-09-20T20:02:48,Is Michael Shannon in every movie now?,0,0,Cameron Gage,juFmTNbFh8g,0.0,2016-09-20 20:02:48,True,True
2016-09-20T21:27:52,Thought it was gonna be about vampires :/,0,0,All Might,juFmTNbFh8g,-0.25,2016-09-20 21:27:52,True,True
2016-09-20T22:40:42,sound track ?,0,0,mem gad,juFmTNbFh8g,0.4,2016-09-20 22:40:42,True,True
2016-09-20T23:20:00,THIS IS SO CONFUSING...,0,0,Jeffred Romero,juFmTNbFh8g,-0.3,2016-09-20 23:20:00,True,True
2016-09-21T01:51:44,"So many stellar actors in this movie, I bet it's gonna be great.",5,0,Louraine Haynes,juFmTNbFh8g,0.5166666666666667,2016-09-21 01:51:44,True,True
2016-09-21T03:15:03,@ 1:26 is that james deen? That porn star guy?,0,0,nestle rosales,juFmTNbFh8g,0.0,2016-09-21 03:15:03,True,True
2016-09-21T07:29:03,double complaint note direct stem.,0,0,Yassine Gonzalez,juFmTNbFh8g,-0.06666666666666667,2016-09-21 07:29:03,True,True
2016-09-21T11:22:17,"The only thing I do often is "" nocturnal-emission""",0,0,bengalibadass,juFmTNbFh8g,0.0,2016-09-21 11:22:17,True,True
2016-09-21T15:08:13,this is art... i cant stop watching this. thank you tom ford.,0,0,mmm kkk,juFmTNbFh8g,0.0,2016-09-21 15:08:13,True,True
2016-09-21T19:07:42,"Can't really tell what this is about exactly, but it's got Michael Shannon in it, so I'll probably watch it.",0,0,Noah Abbe,juFmTNbFh8g,0.225,2016-09-21 19:07:42,True,True
2016-09-21T19:49:31,Amy in that green dress... so mesmerizing!,0,0,Chia-Chun Hsu,juFmTNbFh8g,0.0875,2016-09-21 19:49:31,True,True
2016-09-21T20:03:42,"Please, what is the song?",0,0,Kateryna Petrova,juFmTNbFh8g,0.0,2016-09-21 20:03:42,True,True
2016-09-21T23:27:40,She needs super man to save her,0,0,Aka Wayne,juFmTNbFh8g,0.3333333333333333,2016-09-21 23:27:40,True,True
2016-09-21T23:42:52,"He estado esperando desesperadamente a que Tom Ford haga otra película, A Single Man es mi favorita de entre todas las películas.",1,0,Bloody Hetza,juFmTNbFh8g,-0.07142857142857142,2016-09-21 23:42:52,True,True
2016-09-21T23:57:45,1:44 that face lol,0,0,Artofficial,juFmTNbFh8g,0.8,2016-09-21 23:57:45,True,True
2016-09-21T23:59:44,"I hate it when there's like this really long trailer, and at the end I don't need to see the movie, cuz they pretty much filled me in on every fucking detail in the movie. GAYYYY",0,0,MrSlyxx,juFmTNbFh8g,-0.16,2016-09-21 23:59:44,True,True
2016-09-22T00:52:52,At least they didn't give the entire movie away in the trailer.,0,0,agb1953,juFmTNbFh8g,-0.15,2016-09-22 00:52:52,True,True
2016-09-22T02:11:11,Zod and Luisa Lane together again :'D,2,0,Abi Rathbone,juFmTNbFh8g,0.0,2016-09-22 02:11:11,True,True
2016-09-22T04:21:37,"Amy Adams and Isla Fisher are finally in a film together. Too bad they're not sharing any scenes. *SIGH* Well, hopefully that will happen soon. I'm an aspiring screenwriter, and I'm in the early process of developing a screenplay for a proposed black comedy of mine titled ""Road to Vietnam."" It's about two sisters (who I want to be played by Adams and Fisher) who have radically different outlooks on life, and are forced to come together to fight for their survival when they a freak accident causes them to be stranded in the jungles of Vietnam during the Vietnam War.",1,0,James Kardys,juFmTNbFh8g,-0.17777777777777773,2016-09-22 04:21:37,True,True
2016-09-23T01:45:09,I'm very interested in seeing this movie. I might go see this one.,1,0,Kennedy Lon,juFmTNbFh8g,0.325,2016-09-23 01:45:09,True,True
2016-09-23T04:28:03,magic,1,0,AM HAPPY,juFmTNbFh8g,0.5,2016-09-23 04:28:03,True,True
2016-09-23T16:34:57,Tom Ford does it again!,1,0,Hypegreene05,juFmTNbFh8g,0.0,2016-09-23 16:34:57,True,True
2016-09-23T20:11:48,what a lie,0,0,Cat Lover,juFmTNbFh8g,0.0,2016-09-23 20:11:48,True,True
2016-09-23T21:20:54,I thought this was a vampire movie!,0,0,Angel Simone,juFmTNbFh8g,0.0,2016-09-23 21:20:54,True,True
2016-09-24T02:18:58,"_This look very interesting. Also, I love Amy! I might... Most likely see this._",0,0,verwirrt love.,juFmTNbFh8g,0.44375,2016-09-24 02:18:58,True,True
2016-09-24T12:10:37,"Dedicating a violent and sad novel to your ex-wife does not seem good, love film like this....",0,0,LinkGurus Top Video,juFmTNbFh8g,-0.025000000000000022,2016-09-24 12:10:37,True,True
2016-09-24T16:04:43,Omg I want to see this!,0,0,Roberto Carrasco,juFmTNbFh8g,0.0,2016-09-24 16:04:43,True,True
2016-09-25T11:22:37,When's Jake Gyllenhaal gonna win an Oscar?!,2,0,IE Films,juFmTNbFh8g,1.0,2016-09-25 11:22:37,True,True
2016-09-26T04:26:40,I'm sorry but I could never take her seriously after watching Enchanted that's why I kinda cringed at her Lois Lane role lol I was waiting for her to spontaneously break out into song when meeting Superman 😂😂😂,0,0,RossKroft96,juFmTNbFh8g,0.1416666666666667,2016-09-26 04:26:40,True,True
2016-09-26T17:45:49,"Joe bonnamssa plays any thing the way you want to hear.electrifying,clear,jolting you with music that you will remember for the rest of your life.please let your children experience music that will change the music they thought they loved. thanks Joe.you made my day!!!",0,0,Vic Gavlin,juFmTNbFh8g,0.5453125,2016-09-26 17:45:49,True,True
2016-09-27T05:48:37,Am I the only one getting Gone Girl vibes from this one?,0,0,Zachary Antle,juFmTNbFh8g,0.0,2016-09-27 05:48:37,True,True
2016-09-27T18:58:17,"This movie seems awesome. Weird that not so many people heard about him. In Poland it's about month to premier. Can someone tell me, Why they don't promo this movie much more?",1,0,iNFERNAL,juFmTNbFh8g,0.375,2016-09-27 18:58:17,True,True
2016-09-29T15:46:16,And to think I once took care of the wife of the man who wrote this story. It's a shame neither of them lived long enough to see his work on the big screen. May they rest in peace.,0,0,Jenyfer Figueroa,juFmTNbFh8g,-0.016666666666666666,2016-09-29 15:46:16,True,True
2016-09-30T01:28:15,Un,0,0,Emmanuel Sanchez,juFmTNbFh8g,0.0,2016-09-30 01:28:15,True,True
2016-10-01T03:55:04,what is the song??,0,0,evov monbly,juFmTNbFh8g,0.0,2016-10-01 03:55:04,True,True
2016-10-02T10:58:21,Holy shit.,0,0,André Alves,juFmTNbFh8g,-0.2,2016-10-02 10:58:21,True,True
2016-10-03T14:27:12,I  Eh,0,0,anna norris,juFmTNbFh8g,0.0,2016-10-03 14:27:12,True,True
2016-10-03T18:20:14,way to not spoil anything,0,0,matthew woodall,juFmTNbFh8g,0.0,2016-10-03 18:20:14,True,True
2016-10-03T22:21:53,"I really dig the whole ""Natural Born Killers ""Kalifornia"" psycho killer hillbilly thing Aaron Tyler Johnson's doing",0,0,Brian Will,juFmTNbFh8g,0.16666666666666666,2016-10-03 22:21:53,True,True
2016-10-05T12:53:56,Whats with the dislikes lmao? Why do some people dislike the film already?,0,0,Nah.,juFmTNbFh8g,0.6,2016-10-05 12:53:56,True,True
2016-10-05T17:31:42,"introducing .... ""Gone Boy"".",1,0,HuckFinn994,juFmTNbFh8g,0.0,2016-10-05 17:31:42,True,True
2016-10-05T22:16:01,Amy Adams has to win an Oscar. Her acting blows me away. Very few of her talent exist today.,1,0,lazerlazer,juFmTNbFh8g,0.18000000000000002,2016-10-05 22:16:01,True,True
2016-10-06T01:27:56,"Thank you, YMS. An upcoming theatrical release that I actually wanna see!",0,0,Drawtoonz Studio,juFmTNbFh8g,0.0,2016-10-06 01:27:56,True,True
2016-10-06T20:31:18,"Gyllenhaal will probably get nominated for an Academy Award, as well as Adams The real question is this: Will Shannon get nominated for Best Supporting Actor or Taylor-Johnson?",1,1,G.M.T,juFmTNbFh8g,0.48333333333333334,2016-10-06 20:31:18,True,True
2016-10-07T04:12:14,0:16 who is that?,0,0,RossKroft96,juFmTNbFh8g,0.0,2016-10-07 04:12:14,True,True
2016-10-07T05:55:56,if adum gives this a 9/10 this must be great,0,1,Sam Rigby,juFmTNbFh8g,0.8,2016-10-07 05:55:56,True,True
2016-10-10T13:29:23,Amy Adams is so stunning!,0,0,Crystal Dyane,juFmTNbFh8g,0.625,2016-10-10 13:29:23,True,True
2016-10-10T13:39:52,I saw the length and thought it'd tell the whole movie. Nope!,0,0,Josh oliver,juFmTNbFh8g,0.25,2016-10-10 13:39:52,True,True
2016-10-10T21:06:59,👍✌,0,0,Thania Rdz.,juFmTNbFh8g,0.0,2016-10-10 21:06:59,True,True
2016-10-12T14:58:31,I am here because of Jake Gyllenhaal. The most underrated actor ever.,1,0,Aftab,juFmTNbFh8g,0.5,2016-10-12 14:58:31,True,True
2016-10-12T20:10:48,Wait. I'm really the only one who's here because of Taylor-Johnson? :c xd,0,0,Methrylis,juFmTNbFh8g,-0.18333333333333335,2016-10-12 20:10:48,True,True
2016-10-13T03:10:31,It kind of sounds to me like Jhonny Depp's The Secret Window movie because of someone writing a book about somebody and in the book you find the answers to the whole situation...IDK I'll have to watch it..😕😕,1,0,Li-Ja Love,juFmTNbFh8g,0.13333333333333333,2016-10-13 03:10:31,True,True
2016-10-13T04:24:08,"So he wrote a book about her that's violent, and the scene that goes along with them talking about the violent book is extremely similar to the violence towards the end. Maybe he wrote a book about doing something terrible to her and then acted out the book on her?",0,0,David Johnathon Ward,juFmTNbFh8g,-0.65,2016-10-13 04:24:08,True,True
2016-10-13T17:20:53,"already seen this in italy, just mind blowing!",0,0,andrea rigoldi,juFmTNbFh8g,0.0,2016-10-13 17:20:53,True,True
2016-10-14T01:34:00,RrfqweryaqaaafhłxzseqqwwediuvcdreetekhjkjiiiuuiiiuoyuyshjyūfthmyhesaAwsdddzsfssdfggyyyyyvtyyfciojlzaqhbbynvnh dm,0,0,Lisa Graves,juFmTNbFh8g,0.0,2016-10-14 01:34:00,True,True
2016-10-14T08:09:30,0:34 VOD!!! 😮,0,0,missJorge,juFmTNbFh8g,0.0,2016-10-14 08:09:30,True,True
2016-10-14T15:28:09,Trt haberde izliyrm fragmani,0,0,devrim akdeniz,juFmTNbFh8g,0.0,2016-10-14 15:28:09,True,True
2016-10-14T19:11:47,oscar worthy,0,0,T Bone,juFmTNbFh8g,0.3333333333333333,2016-10-14 19:11:47,True,True
2016-10-15T18:46:16,Tom Fords movies are always so beautifully shot.,1,0,owe20121,juFmTNbFh8g,0.85,2016-10-15 18:46:16,True,True
2016-10-16T09:46:30,Is it a hot mess or did they just make the trailer this way to avoid spoilers?,0,0,Hussein Kambar,juFmTNbFh8g,0.037500000000000006,2016-10-16 09:46:30,True,True
2016-10-16T12:28:22,Amy Adams is so fine,0,0,Chris Nijkamp,juFmTNbFh8g,0.4166666666666667,2016-10-16 12:28:22,True,True
2016-10-17T11:37:31,😍😍😍😍 Armie Hammer. Love this gorgeous man.,0,0,DG31,juFmTNbFh8g,0.6,2016-10-17 11:37:31,True,True
2016-10-17T13:08:43,No me gusta quiero el Rosario como puede volver a este program a Busch el santo rosario,1,0,María Isco el Rosario no quiero Otro te a Pinzón,juFmTNbFh8g,0.0,2016-10-17 13:08:43,True,True
2016-10-17T22:27:16,it's going to flop what the fuck is this about,0,0,Enigma,juFmTNbFh8g,-0.4,2016-10-17 22:27:16,True,True
2016-10-21T09:38:28,I WANT MORE TOM FORD FILMS FFS,0,0,afflatusadroit,juFmTNbFh8g,0.5,2016-10-21 09:38:28,True,True
2016-10-21T18:45:19,Michael Shannon da man!!!,0,0,Azhybek Aitaliev,juFmTNbFh8g,0.0,2016-10-21 18:45:19,True,True
2016-10-21T21:18:03,"Amy Adams is so one dimensional, to me.",0,0,OGMM Backup,juFmTNbFh8g,0.0,2016-10-21 21:18:03,True,True
2016-10-21T23:35:52,reminds me of my ex.... creepy,0,0,kelvinhuayra,juFmTNbFh8g,-0.5,2016-10-21 23:35:52,True,True
2016-10-22T04:51:18,"Amazing trailer, finally a good one where doesnt tell you the all movie!!! #FuckingWaiting",0,0,Gen,juFmTNbFh8g,0.8,2016-10-22 04:51:18,True,True
2016-10-22T11:01:33,Since when did tom ford start directing movies?,0,1,Marcus Crescenzo,juFmTNbFh8g,0.0,2016-10-22 11:01:33,True,True
2016-10-23T02:00:07,"For some reason this reminds me of ""gone girl""",0,0,hellovanite,juFmTNbFh8g,0.0,2016-10-23 02:00:07,True,True
2016-10-26T10:46:06,Why there are no scenes with Isla Fisher in the trailer? I'm so exited to see Isla and Amy together in the movie.,0,0,Антон Флягин,juFmTNbFh8g,0.0,2016-10-26 10:46:06,True,True
2016-10-28T02:05:14,"I JUST finished reading this book. Like, just watching the trailer again, I understand everything and feel like I know which each part represents. Looking forward to seeing the movie. Very good book.",0,0,Victor U,juFmTNbFh8g,0.9099999999999999,2016-10-28 02:05:14,True,True
2016-10-30T21:03:09,I wonder if it has rowlet in it,0,0,grrreenboy,juFmTNbFh8g,0.0,2016-10-30 21:03:09,True,True
2016-11-01T14:35:50,"Jake gyllenhaal must win an oscar! His time, I don't give a fuuuck",0,0,Yaran Magid,juFmTNbFh8g,1.0,2016-11-01 14:35:50,True,True
2016-11-03T20:06:11,I hope both Amy Adams and Jake Gyllenhaal win Oscars & Golden Globes for this movie,1,0,Anita Lee,juFmTNbFh8g,0.55,2016-11-03 20:06:11,True,True
2016-11-04T20:42:53,can She get an Oscar for this trailer??? hahah,0,0,Maria Clara Lima,juFmTNbFh8g,0.0,2016-11-04 20:42:53,True,True
2016-11-05T14:11:33,this film was brilliant.  I walked into the cinema not knowing what to expect and I was hypnotized the whole way through.  Not often that I sit after a film and watch the credits (normally in a hurry to get to the car and out before everyone else) but I just found myself sitting there not wanting the film to end.  My new favourite film and it's been 20 years since I said that.,0,0,Brendan Johns,juFmTNbFh8g,0.34659090909090906,2016-11-05 14:11:33,True,True
2016-11-09T23:31:08,Am I missing something??!! Am I the only one that thought this film was shit!! Really shit!!! What do people actually like about it?,0,2,ceili,juFmTNbFh8g,-0.203125,2016-11-09 23:31:08,True,True
2016-11-11T23:05:57,Fuck me this film was disturbing,0,0,STR8 BANGERS,juFmTNbFh8g,-0.45,2016-11-11 23:05:57,False,True
2016-11-12T23:25:48,"This movie 100% needs to be watched. Just came home from the cinemas with mom, it was a random choice, didn't understand much from the movie I thought it was about her husband stalking her or something but trust me this was by farrrrrrrr the best movie I have ever watched (in cinemas at least) just go watch it even if you're thinking of maybe going to see it it's just amazing and thought out and is just perfectly made 💯💯💯💯💯10000/10",2,2,tgyhj dfgh,juFmTNbFh8g,0.3333333333333333,2016-11-12 23:25:48,False,True
2016-11-14T01:44:09,Amy Adams nuff said! Favorite actress right now!!,1,0,Teffy2105,juFmTNbFh8g,0.4732142857142857,2016-11-14 01:44:09,False,True
2016-11-16T07:58:27,Watch Nocturnal Animals Full Movie Stream or download https://plus.google.com/u/0/105278350320022431560/posts/CcEFFFNRtSG,5,0,Angelina Lawren,juFmTNbFh8g,0.35,2016-11-16 07:58:27,False,True
2016-11-17T00:58:35,Amy Admams has silently replaced Nicole Kidman.,3,0,Heewon S,juFmTNbFh8g,0.0,2016-11-17 00:58:35,False,True
2016-11-17T12:23:50,fuck this movie and all the commercial!!! already hate it because of to many fucking commercials.,0,0,A Ak,juFmTNbFh8g,-0.26000000000000006,2016-11-17 12:23:50,False,True
2016-11-17T12:25:47,im guessing like most movies nowadays its gonna be about sex and how u loyal bitches are... fuck all your commercials,1,0,A Ak,juFmTNbFh8g,0.1444444444444444,2016-11-17 12:25:47,False,True
2016-11-17T23:33:35,Give this trailer maker a RAISE! I'm so tired of watching 2 1/2 min spoilers.,2,0,Pamela E,juFmTNbFh8g,-0.4,2016-11-17 23:33:35,False,True
2016-11-18T04:24:49,11:15 Nocturnal Animals Movie Available in hd Quality Stream Now https://plus.google.com/+KatieBrooklynJenz/posts/Ztv5K2jpNKC,2,0,Lenna Gombardie,juFmTNbFh8g,0.4,2016-11-18 04:24:49,False,True
2016-11-19T06:52:46,"0:33 oooh, that's the title of the movie!!! ^^",0,0,Niandra Lades,juFmTNbFh8g,0.0,2016-11-19 06:52:46,False,True
2016-11-19T13:49:28,8:29 Nocturnal Animals Movie Available in hd Quality Stream Now https://plus.google.com/+McQuinGanesStaringDika/posts/TLUi6Dc2eo7,2,0,Eliza Pratt,juFmTNbFh8g,0.4,2016-11-19 13:49:28,False,True
2016-11-20T03:30:19,The entire cast was excellent but Michael Shannon and Taylor-Johnson stood out. Amy Adams and Gyllenhaal were completely engrossing as well. I daresay this was one of the better movies I've seen in my life. Really left the movie theater in a trance.,15,1,"Robert Lee, Countertenor",juFmTNbFh8g,0.42000000000000004,2016-11-20 03:30:19,False,True
2016-11-20T08:33:16,Has anyone seen this movie yet? No spoilers but is it worth paying to see it in the theater?,1,3,Horse237,juFmTNbFh8g,0.3,2016-11-20 08:33:16,False,True
2016-11-20T21:23:23,LOOKS BAD ANYWAYS  ALL AMERICAN PATRIOTS THAT VOTED TRUMP BOYCOTT THIS FILM  MAIN ACTOR - MICHAEL SHANNON -   TWITTED  ALL  WHO VOTED TRUMP ITS TIME FOR THEM TO DIE,0,0,Dumb Freddy,juFmTNbFh8g,-0.17777777777777773,2016-11-20 21:23:23,False,True
2016-11-20T21:44:32,lol,0,0,Ayy Lmao,juFmTNbFh8g,0.8,2016-11-20 21:44:32,False,True
2016-11-21T19:33:02,uristen ezt meg kell neznem de vajon kivel erdekes film lehet felek lesokkolna de nembaj megnezem csak kerdes kinek van erre penze h eljojjon velem.,0,0,Áron Rozgonyi,juFmTNbFh8g,0.0,2016-11-21 19:33:02,False,True
2016-11-21T21:54:58,What is this song from?,0,0,Edward Mays,juFmTNbFh8g,0.0,2016-11-21 21:54:58,False,True
2016-11-23T19:05:08,4:26 Nocturnal Animals Movie Available in hd Quality Stream Now https://plus.google.com/+McQuinGanesStaringDika/posts/TLUi6Dc2eo7,1,0,Caitlin Keegan,juFmTNbFh8g,0.4,2016-11-23 19:05:08,False,True
2016-11-25T17:30:02,"Amy Adams, spectacular actress........I knew eventually and years ago when she first came on to the scene that she would blow up the screen with her skills and depth of character in the roles she plays. I see an Oscar in the near future for this woman.",1,0,Jannah Bint Al Yusuf aka Jannah225,juFmTNbFh8g,0.2375,2016-11-25 17:30:02,False,True
2016-11-26T18:05:47,"I am SO OBSESSED with amy adams... I NEED TO SEE HER HOT BODY ON A WIDE SCREEN... yayy... the name of the movie turns me ON.... nocturnal animals.... we are all nocturnal animals, we just seem INNOCENT.... LOL... I WANNA FUCK AMY ON ASTRAL....",0,0,spiritualgirl82 xxx,juFmTNbFh8g,0.09166666666666667,2016-11-26 18:05:47,False,True
2016-11-28T17:09:27,"Amy Adams, most sexy actress  over 40yo",0,0,Sam Rothstein,juFmTNbFh8g,0.5,2016-11-28 17:09:27,False,True
2016-11-30T02:52:15,Nocturnal Animals 2016 Stream Now: plus.google.com/u/0/+CindyCazorla/posts/Y7aXSxwmYpq?sfc=true,2,0,frank anderson,juFmTNbFh8g,0.0,2016-11-30 02:52:15,False,True
2016-12-01T05:07:31,"My nigga Jake gonna go in, in this mugg I'm talkin Nightcrawler type ish.... I'm talkin mothafuckin JARHEAD up in this bitch. Go Jake finesse the minds of the viewers my nigga peace up A town, hol up YEET",0,0,joey faoro,juFmTNbFh8g,0.0,2016-12-01 05:07:31,False,True
2016-12-02T04:44:04,i dunno. this film looks kinda lame if you ask me.,0,0,Douglas Steele,juFmTNbFh8g,-0.5,2016-12-02 04:44:04,False,True
2016-12-02T05:38:29,"finally got to see the video , I saw them film some of it down the street from me , can't wait.",0,0,meramera montes,juFmTNbFh8g,-0.07777777777777779,2016-12-02 05:38:29,False,True
2016-12-03T02:26:43,"just saw it. up there with moonlight, one of the best pictures of the year.",2,0,guerillawhite,juFmTNbFh8g,1.0,2016-12-03 02:26:43,False,True
2016-12-03T04:21:10,I don't  have to watch the trailer if jake is in it it must be good,0,0,monse bp,juFmTNbFh8g,0.7,2016-12-03 04:21:10,False,True
2016-12-04T07:13:19,"I love this woman! Amy Adams!! However, I hope she does well with her current husband given how much the they've spent together (:",0,0,Roxie,juFmTNbFh8g,0.26914062499999997,2016-12-04 07:13:19,False,True
2016-12-07T00:45:17,It looks good but I don't know what it's about,0,1,Jaylon M,juFmTNbFh8g,0.7,2016-12-07 00:45:17,False,True
2016-12-10T17:05:27,"I've seen ""Nocturnal Animals"" and it was fantastic. This entire film talks about a beautiful artist who is reading her ex-husband's latest novel. Then, she reads about a fictional main character (who refers as her ex-husband) who was corrupted by these nasty rapists and harm his family while continues to deal against the man who sets it up. While she reads it, she was shock that everything else that her ex-husband was setting up as real connection between these two which can be real. I would say that these three performances like Adams, Gyllenhaal, and Shannon done a great job, if you they could get an Oscar. The film was so tense that while she reads the novel and she was expressing herself that her ex-boyfriend was telling in his own dark way of betrayal, scary, and too emotional about their lives. The scenes were very dark colorful that fades every scene with black and red. Some were few things that it's a little too much like that opening which is a weird art way and the middle part where thins are getting frightening that it gets a bit too cold. But at least I follow along and the ending never explained why, but you can make conclusions of what happened, but never mention about the twist. Overall a great film.  [88] 👍👍",6,0,Felipe Rico,juFmTNbFh8g,0.01324712643678161,2016-12-10 17:05:27,False,True
2016-12-10T22:18:26,looks hella lame,0,0,firstube,juFmTNbFh8g,-0.5,2016-12-10 22:18:26,False,True
2016-12-11T03:20:35,Finally a well done trailer tha tdoesn't give away the story!,1,0,Anton Veli Tajan,juFmTNbFh8g,0.0,2016-12-11 03:20:35,False,True
2016-12-11T07:25:40,don't waist your time,0,0,Nikia me,juFmTNbFh8g,0.0,2016-12-11 07:25:40,False,True
2016-12-11T21:44:43,Saw it today. Awesome. Could've done without that opening sequence though.,0,0,MB 0610,juFmTNbFh8g,1.0,2016-12-11 21:44:43,False,True
2016-12-12T03:51:49,SO IN 2016 MY #1 FAVORITE MOVIE IS WAR DOGS AND DR. STRANGE A VERY CLOSE #2 THIS nocturnal animals GOES DOWN AS ONE OF THE WORST SOAP OPERA TYPE FORCED-VERY CONTRIVED TRYING TOO HARD! SCRIPTS BUT JAKE GYLLENHALL WAS- I THINK HE BY FAR SHOULD TAKE THE OSCAR FOR SOME OF THE SCENES HE DID THOSE WERE OSCAR WORTHY EVEN A PERSON OF BELOW INTELLIGENCE COULD HAVE FIGURED OUT THE BOOK SCENES WERE NOT 'FROM-THE-BOOK SCENES' JUST A HORRIBLE BORING ALL AROUND MOVIE 4.0 OUT OF 10,0,0,sangjeong kimcho,juFmTNbFh8g,-0.26698232323232324,2016-12-12 03:51:49,False,True
2016-12-12T05:56:57,"Seriously they never explained who fathered Amy Adam's naked slut daughter, the one she called after reading the part where fictional Gyllenhaal discovers his wife and daughter corpse?  Also why did reality Gyllenhaal fucking show up to dinner towards the end?",0,1,Machismo549,juFmTNbFh8g,-0.23333333333333334,2016-12-12 05:56:57,False,True
2016-12-12T12:51:34,"What an amazing movie! A must see. Some won't get it and those are the ones that will give it low ratings because their minds can't grasp it. This is one of the best movies I've seen in a long time. Grasping, and kept me thinking after I left the theater.",5,0,Sia Tsatoumas,juFmTNbFh8g,0.33999999999999997,2016-12-12 12:51:34,False,True
2016-12-12T15:27:25,really good,0,0,Matt Z,juFmTNbFh8g,0.7,2016-12-12 15:27:25,False,True
2016-12-12T19:58:31,the laugh at 1:46 gave me an orgasm,0,0,David Film Blues,juFmTNbFh8g,0.3,2016-12-12 19:58:31,False,True
2016-12-21T06:25:50,This movie was reallllly good,0,0,Caesar Pacheco,juFmTNbFh8g,0.7,2016-12-21 06:25:50,False,True
2016-12-23T14:47:34,She's already 42 YEARS OLD?! Damn..,1,0,Da Fuq,juFmTNbFh8g,0.125,2016-12-23 14:47:34,False,True
2016-12-23T16:50:45,A fucking Shitty movie. ,1,0,NaCOrVa,juFmTNbFh8g,-0.6,2016-12-23 16:50:45,False,True
2016-12-23T22:00:07,where is superman !!!,0,0,Said Moustaoui,juFmTNbFh8g,0.0,2016-12-23 22:00:07,False,True
2016-12-24T16:11:17,Is this movie expose too much bloody scene? I mean like The Purge?,0,0,Yuéish San,juFmTNbFh8g,-0.55625,2016-12-24 16:11:17,False,True
2016-12-24T23:33:16,Great movie! All actors are fantastic. Michael Shannon is great here.,0,0,Ioannis Zorgianos,juFmTNbFh8g,0.7333333333333334,2016-12-24 23:33:16,False,True
2016-12-28T01:06:41,amazing movie loved it recommend it 100%,1,0,Lana Del Taco,juFmTNbFh8g,0.65,2016-12-28 01:06:41,False,True
2016-12-28T07:29:42,we just saw this tonight still confused on the ending.,2,0,ν¡kΛ Ξ,juFmTNbFh8g,-0.4,2016-12-28 07:29:42,False,True
2016-12-29T00:54:10,I didn't really understand it when I saw it but after watching an analysis of the film I appreciate it a lot more.,1,0,Isobel Duncan,juFmTNbFh8g,0.35,2016-12-29 00:54:10,False,True
2016-12-29T11:30:28,One of the greatest movie I have seen lately. Unfortunately it is not meant for stupid people to watch.,1,0,Teodor Mihai,juFmTNbFh8g,0.15000000000000002,2016-12-29 11:30:28,False,True
2017-01-03T14:31:35,Amy Amy.......,0,0,T O.M,juFmTNbFh8g,0.0,2017-01-03 14:31:35,False,True
2017-01-07T21:12:27,this movie really surprised me and I thought it was brilliant,0,0,Christie Gurganus,juFmTNbFh8g,0.5,2017-01-07 21:12:27,False,True
2017-01-07T21:17:29,"Great movie! I was so into it and got kinda pissed how it ended, but now that it's been a couple of days I get it lol. I've been telling ppl to check this movie out!",1,0,K P,juFmTNbFh8g,1.0,2017-01-07 21:17:29,False,True
2017-01-08T03:10:10,It's the worst movie i ever saw! I felt personally offended by it.,1,0,Diego,juFmTNbFh8g,-0.5,2017-01-08 03:10:10,False,True
2017-01-08T13:21:57,Υπέροχη ταινία. Δύο παράλληλες ιστορίες αλληγορικά δεμένες. Ανέβασε τον πήχη οTom Ford συγκριτικά με την προηγούμενη ταινία του. Ταλαντούχος και ως σκηνοθέτης.,0,0,Yiannis Chaitas,juFmTNbFh8g,0.0,2017-01-08 13:21:57,False,True
2017-01-08T23:12:50,Amy Adams is a Isla Fisher look-a-like,0,0,Greg Lites,juFmTNbFh8g,0.0,2017-01-08 23:12:50,False,True
2017-01-09T18:26:08,What have we done to deserve Tom Ford?,0,0,Aubrey Birkin,juFmTNbFh8g,0.0,2017-01-09 18:26:08,False,True
2017-01-10T02:05:17,"Jake's a great actor, but he didn't knock this one out of the ballpark like the other characters.  I think to Jake playing weak is just playing a bad actor, so when you see his bad acting you have to think to a Hollywood actor this is what weak is.  To be more specific he could have cried better and begged and acted more afraid.  He acted more apathetic than weak and afraid..so unless the director said ""I want you to act like you don't care"", then maybe he did a good job.  Shannon should have gotton BSA, not Aaron. Amy, great..Armie, great..everyone did great, he just seemed to nonchalant about it..remember him retelling what happened?  He was like ""You took my wife and daughter and put them in your car, you had me drive your friend back""  that's not verbatim but I just thought he could have put more crying and trembling lip into the character.  He nailed it on the getting mad parts.",1,0,Cole Tanner,juFmTNbFh8g,0.03625000000000002,2017-01-10 02:05:17,False,True
2017-01-14T20:08:12,Bloody wow!,0,0,Vidisha Roy,juFmTNbFh8g,-0.3375,2017-01-14 20:08:12,False,True
2017-01-14T21:39:53,BOYCOTT THIS FILM AND ALL THINGS TOM FORD.  THIS IS AN ANTI-ABORTION FILM.,0,0,Allyn Junkmail,juFmTNbFh8g,0.0,2017-01-14 21:39:53,False,True
2017-01-19T00:38:41,"Θυμίζει Γκρίναγουεη στα εσωτερικά πλάνα (Ο Μάγειρας, Ο Κλέφτης κλπ) θυμίζει Λυντς στην επαρχιακή Αμερική, κλείνει το μάτι λίγο συντηρητικά στα μηνύματα του και είναι ένας αξιόλογος και ιδιαίτερος δημιουργός. Παίρνει ένα πρωτότυπο και τραβηγμένο, κάπως, σενάριο και στήνει έναν όμορφο ιστό με ατμόσφαιρα και ανοιχτό φινάλε. Η ζωή απαντά κάποια στιγμή... Σπουδαίο σάουντρακ.",0,0,Alexandros Deligiorgis,juFmTNbFh8g,0.0,2017-01-19 00:38:41,False,True
2017-01-19T03:36:31,I'm thankful that i watched this movie,1,0,Jim Carrey,juFmTNbFh8g,0.0,2017-01-19 03:36:31,False,True
2017-01-22T09:22:10,"I'M rich.  I am a billionaire but they refuse to give me my money.  Also,  I never found my partner yet.   I didn't find someone to Love ie someone to Marry with.",0,0,Suzanne Byars,juFmTNbFh8g,0.4375,2017-01-22 09:22:10,False,True
2017-01-23T09:44:27,I didn't do it.  Whatever it was? I guarantee you I acted perfectly & with care at all times in my Lifetime now & if things didn't work out right for ME and things DIDN'T WORK OUT FOR ME and it will.,0,0,Suzanne Byars,juFmTNbFh8g,0.6428571428571428,2017-01-23 09:44:27,False,True
2017-01-24T04:21:27,boring !!!!,0,0,JK Mongrut,juFmTNbFh8g,-1.0,2017-01-24 04:21:27,False,True
2017-01-27T17:39:07,"this soundtrack made feel haunting about george michael's death and himself.I think him long lately.Recently,i found picture of gm.before his death.I have to investigate about him.in highgate,london.",0,0,Galaxy Grandprime,juFmTNbFh8g,-0.05,2017-01-27 17:39:07,False,True
2017-02-01T23:12:37,Za kojo je ovoj uradija njoj??!,0,0,obradva,juFmTNbFh8g,0.0,2017-02-01 23:12:37,False,True
2017-02-10T22:02:55,God Damn it this fucking song is so good AND I CAN'T FIND IT ANYWHERE?,0,0,Simba MTG,juFmTNbFh8g,0.04999999999999999,2017-02-10 22:02:55,False,True
2017-02-13T20:01:38,"I,ve read both ending explanations but I have a 3rd one.....dissapointed by her current status  and eager to fulfill her miserable life  Susan remembers her advice to Edward and tries to write a novel ...then mails it to herself under his name and using two cells reciprocates mails....she gets so psychotic that in the end immitades a rendevouz at a restaurant.......and is at the edge of sanity.......the real ex-husband Edward is somewhere oblivious to all  these...and doesn,t know that his revenge  is happening...otherwise being sensitive he would never claim it!!",0,0,Van Must,juFmTNbFh8g,-0.17767857142857144,2017-02-13 20:01:38,False,True
2017-02-14T13:00:09,nocturnal animals get oscar snub this year.,0,0,Galaxy Grandprime,juFmTNbFh8g,0.0,2017-02-14 13:00:09,False,True
2017-02-14T15:12:23,All I see is redhead,1,0,Denny,juFmTNbFh8g,0.0,2017-02-14 15:12:23,False,True
2017-02-15T22:39:39,"people like to watch movies like this one and say it is the best movie ever, but they just say that to feel interesting and intelligent. this movie is not that good. i watch it because Jake is in it.",0,0,MikeSolo84,juFmTNbFh8g,0.75,2017-02-15 22:39:39,False,True
2017-02-16T05:47:03,kind of stupid,0,0,Kevin Burfield,juFmTNbFh8g,-0.09999999999999998,2017-02-16 05:47:03,False,False
2017-02-17T08:16:02,"After watching this movie, I'm sold.",1,0,Prachi Gupta,juFmTNbFh8g,0.0,2017-02-17 08:16:02,False,False
2017-02-25T22:15:02,This movie sucks balls,0,0,Bxer,juFmTNbFh8g,-0.3,2017-02-25 22:15:02,False,False
2017-02-26T03:26:19,a long boring movie. Do not recommend,0,0,Jalen,juFmTNbFh8g,-0.525,2017-02-26 03:26:19,False,False
2017-02-28T21:49:34,Brilliant film!! It should have been up for more Oscars!,0,0,Marielle Ishkhanian,juFmTNbFh8g,0.8125,2017-02-28 21:49:34,False,False
2017-03-05T01:01:51,i just finished watching this movie! Tom Ford doesn't make good fragrances only.,1,0,Nice Kamel,juFmTNbFh8g,0.35,2017-03-05 01:01:51,False,False
2017-03-05T12:47:04,1:05  Bravo to the makeup artist; for the on point deranged makeup especially her eyelashes.,0,0,ruzzell907,juFmTNbFh8g,0.0,2017-03-05 12:47:04,False,False
2017-03-07T10:53:32,Heree is really full aaand good quality Noocturnal Animals => https://twitter.com/aac35048834a4dc2c/status/822752012005580800,0,0,Devansh Chauhan2,juFmTNbFh8g,0.5249999999999999,2017-03-07 10:53:32,False,False
2017-03-15T06:23:59,Spoiler: Is getting stood up THAT dramatic of a thing? :),0,0,chatter,juFmTNbFh8g,0.033333333333333354,2017-03-15 06:23:59,False,False
2017-03-19T14:53:05,"It goes without saying: Tom Ford's poignant, and grim drama Nocturnal Animals is one of the most spiritual movies ever made. Not only does Nocturnal Animals revolve around a series of events that are disturbing, but the execution of the story is incredibly thoughtful, and yet ironically just logical. What makes Nocturnal Animals particularly relevant, is that it's a case of the ability of logic being the theme of the movie. More precisely, Tom Ford's drama is about the war between the link between morality and reality's origin and the ability of that link. On the surface, Nocturnal Animals can come across as a nuanced story about revenge, and guilt, however, at a deeper level the film is an exploration of the immorality of empathy, because for empathy to be valid that meant that empathy always needed to be a reaction to something valid (in this instance, the absurdity of logic being the deaths of Laura and India Hastings). Regardless of the actual plot, an interpretation of Nocturnal Animals is that each of its events are part of a chain, and that the chain is an examination of the identity of the moral perspective. Throughout the story, characters react, and they have perspective. And while this in itself would seem a pointless thing to point out, because of the uniformity relative to other stories and movies, the uniformity is destroyed because of the sense that the perspectives and reactions throughout the film are in fact counter-productive to the conventional morality of the movie's events. Susan, played brilliantly by Amy Adams, and Gyllenhaal's Tony Hastings share a pattern of visual symmetry from start to finish, while at the same time both being part of opposite realities as the intended theme seems the wrong interpretation: the self-awareness of Nocturnal Animals could be that its mission is to justify the isolation represented by Susan and Tony. Susan's visceral reactions to the story of Tony are moral, but not the moral perspective. Of course, Susan's perspective on the story sent to her by Edward is the conventional morality, and thus the point of Nocturnal Animals is to understand the true significance of reaction. The horror, and the gruesome events that define the life of Tony Hastings need the capitalist lifestyle that Susan's life is defined by, and yet oddly, the intelligence of Nocturnal Animals is to understand that the capitalist system is the creator of empathy - reality's symbiosis. And even within the context that capitalism as empathy's creator is an inevitable thus pointless understanding, somehow, Nocturnal Animals just plays so that its mission isn't pointless. The very iimage, the very moment of the discovery of the corpses of Laura and India is a perfect, root demonstration of the concept of conundrum. Fascinatingly, if the argument of Nocturnal Animals is that the moral perspective is synonymous with the concept of conundrum, the issue becomes how to perceive the individual chains throughout the movie. Again, perhaps this can be tied to the point about the inherent power of Nocturnal Animals simply being the impossibility of irrelevance. At heart, this movie is a masterful display of storytelling, the kind of movie that doesn't just put other movies to shame, but which actually makes many other movies immoral.",0,0,Thomas h cullen,juFmTNbFh8g,0.07551406926406928,2017-03-19 14:53:05,False,False
2017-04-27T23:24:36,Love this film! I've seen this like 9 months ago and still think of it!,1,0,Terence Fletcher,juFmTNbFh8g,0.78125,2017-04-27 23:24:36,False,False
2017-06-23T05:00:35,why they didn't present isla Fisher in the trailer,1,0,Angie Romero,juFmTNbFh8g,0.0,2017-06-23 05:00:35,False,False
2017-07-21T17:15:57,best movie I have seen so far...,1,0,José Luis Blues,juFmTNbFh8g,0.55,2017-07-21 17:15:57,False,False
2017-08-27T04:19:57,"Shows how most people are empty, vapid, useless,  and need fantasy to numb their insanity. All her money and privilege still led her to misery, something she avoided with Edward. For richer or poorer, in sickness, health, even death. True life. Greatly diseased human being. The best revenge is her regret.",1,0,Seawitch4u,juFmTNbFh8g,-0.027777777777777776,2017-08-27 04:19:57,False,False
2017-09-05T19:56:48,The best trailer ever !!,1,0,Asmae Banane,juFmTNbFh8g,1.0,2017-09-05 19:56:48,False,False
2017-12-25T15:51:15,Don't know why it took me so long to watch this masterpiece. A complete lesson about women.,0,0,RoToЯ,juFmTNbFh8g,0.025,2017-12-25 15:51:15,False,False
2018-01-24T02:32:27,i like all of these actors myself they are some of my favorite caring people. i wish i could make the film for them. i know my film would be a Blockbuster hit because i am very talented. i have the vision this film needed to be greater than it is. i am a major produced writer & creator of films but my work was stolen by my jealous competitors or something went wrong with it? & now i'm involved in a huge multi-billion-dollar insane F.B.I. lawsuit over it & no one even knows my name. but i promise you i could have made this trailer into something far more impactful & greater from the awesome ideas in this film. the actors did a good job but the story was awful & depressing when it could have been an epic thriller in my mind. it's not funny. when the end result is they stole it. they stole everything from me they took all of my accomplishments & all of my credit for themselves! & it was terrible terrorism & evil crimes against me! it would be evil crime against anyone & i guarantee you if it happened to them?? somebody would already be in prison for Copyright theft & Plagiarism!!!!! It was like tgey saud hirry uo & give us all of uoir money making greatest ideas for mpvies& scriots & hurry up & finish your sxriots! & i was self-employed not employed by anyone not by any compsny or any producyion cimpany or studio or network & then? they used ALL OF MY SCRIPTS & ALL OF MY MONEY-MAKING LUCRATIVE Very EXTREMELY VALUABLE FILM IDEAS IN REAL PRIMETIME PRODUCTIONS!!! & QITHOUT PAYING ME OR Compensating ME ANY. THING. FOR OVER 20 YEARS NOW. TO. This. VERY. DAY!!! & They KEEP Saying IT Isn't US & We HAVE ALL THE Originals & A LOT OF People HAVE BEEN COPYING & WE Contact ALL OF THOSE People & THEY HAVE TO Cease & DESIST. & THEY INSIST THEY Have DATED MATERIAL? BUT WHEN I KNOW THAT ALL OF MY Written ORIGINAL Material PREDATES ALL OF THEIR Productions WHETHER Written OR FILMED PRODICTIONS!!!!,0,0,Suzanne Byars,juFmTNbFh8g,0.06460530598958335,2018-01-24 02:32:27,False,False
2018-01-24T03:14:14,"AND NOW THEY LIKE TO SCRAMBLE SOME OF What I WRITE Especially IF IT'S Very TRUE & Incriminating TO THEM TO WHOMEVER THEY ARE ""HARBORING OR PROTECTING"" HERE FROM PROSECUTION IN HOUSE WITH THEM??? & THEY SCRAMBLE Whatever I WRITE TO Make ME LOOK INCOMPETENT OR LIKE I CANT SPELL OR LIKE I Might BE ""CRAZY"" NOW & THIS IS TO STEAL BILLIONS & BILLIONS FROM ME & FROM EVEN THE GOVERNMENT ITSELF!! & I Think & I Suspect NOW THAT PARTS OF THE GOVERNMENT IS STEALING FROM Itself!!!!!!????? & IT'S LIKE CANNIBALISTIC WEIRD & TERRORISM TACTICS Scrambling MY MESSAGES IN REAL-TIME BY SPIES & IS IT BY IDIOTIC Disconnected GOVERNMENT Agencies????",0,0,Suzanne Byars,juFmTNbFh8g,-0.41233333333333333,2018-01-24 03:14:14,False,False
2018-01-24T03:24:31,"From WHAT I CAN GATHER OR GUESS? I'M ONLY GUESSING BYT I THINK THEY HAVE A HACKER Software PROGRAM TO SCRAMBLE WHATEVER THEY Feel IS Incriminating THE PEOPLE THEY ARE HARBORING FROM Prosecution Dragging THIS CASE OUT FOR OVER 20 YEARS THEY THINK I LIVE IN China OR India???? I AM STILL A U.S. BORN & EDUCATED & TRAINED IN LAW HERE TYPE OF A Citizen!!! & IN SO DOING? WHOMEVER IS IN Charge OF THIS ARE THEY GOING TO Fire ANOTHER F.B.I. ADMINISTRATION DIRECTOR OVER THIS You're TOO LATE???THEY ARE PAYING MORE Criminals (IDIOTS KEPT IN THE DARK ABOUT WHAT THEY ARE DOING Acting AGAINST INNOCENT Citizens WHY ARE THEY ROBBING CHRISTIANS? OR WHY THEY ARE DOING THIS? ) THIS CASE OUT FOR LONGER THAN 20 YEARS NOW!!!!! I HAVE PERSONALLY CREATED THE Pilots FOR AT LEAST 5 OR 6 PRIMETIME TELEVISION SHOWS POPULAR RIGHT HERE IN THE USA!!!!! & THEY MUST Think I'M FROM India??? BECAUSE So Far??? FOR MY PRODUCTION HERE??? I HAVE NOT BEEN PAID A DIME YET FOR THE ILLEGAL USE OF MY COPYRIGHTS OF WHICH I HAVE TOTALLY 100% LEGAL PROOF THAT I WROTE THEM & I'M THE SOLE Owner OF THEM!!!!! MY ONLY SPY ON MY SIDE HERE??? HE SAYS THE GOVERNMENT GAVE ALL OF MY BEST Work TO Steve JOBS!!!!! HEY GAVE HIM A Business GRANT???? THE Government GAVE ME A PARTNER!!!!!!!! & I HAVE NEVER BEEN MARRIED!!!!! I AM UNMARRIED STILL I'm A VIRGIN TOO!!!!!!!!& MY INVISIBLE Uninvolved UNMARRIED UNCOMMITTED UNATTACHED NOT EVER PRESENT Partner????? HE IS Always A BIG BIG STAR!!!!!!!& THE GREAT THING About THE GOVERNMENT GIFTING YOU WITH IMAGINARY INVISIBLE HUSBANDS????? IS THAT YOU NEVER GET PAID FOR A THE WPRKI DO HETE & I NEVER SEE THE HUSBAND EVER!!!! & I've SERIOUSLY STILL Never BEEN Married I'm ALONE SINGLE!!!!! & I've Never BEEN PAID A DIME FOR MY WORKING HERE!!!! & THEY JUST STEAL FROM YOU IT'S A TOTAL License TO STEAL Everything FROM YOU APPARENTLY  WHEN THE GOVERNMENT Gifts YOU With AN IMAGINARY HUSBAND!!!!!!& WHEN THE GOV GIVES YOU AN IMAGINARY HUSBAND? IT'S Always ONE OF THE Shortest UGLIEST ONES TOO!!!! Who Is ALWAYS Verbally Abusing YOU HARASSING YOU & SOMETIMES Physically Abusing YOU TOO & Threatening YOUR LIFE WITH CONSTANTLY WITH DANGER!!!! BULLYING BOSSIEST Animosity Atheist HOSTILE ONE WHO IS A 100% COMPLETELY EMOTIONALLY UNAVAILABLE SOCIOPATH!!!! ITS SOR OF Someone YOU CAN'T GET ALONG With? AT ALL? EVER? & IT IS Always ONE YOU ARE NEVER Even Remotely Attracted TO IN THE LEAST FOR FRIENDSHIP MUCH LESS EVER FOR A ROMANTIC Relationship!!!!! It'll BE THE WORST OF THE WORST LEFTOVERS YOU HAVE EVER SEEN!!!!! IT EVEN HURTS YOUR EYES AFTER AWhile TOO!!!!& HE WILL BE SO UGLY!!!!!!!& ACT SO Amazingly AWFUL TO YOU??????? THAT AFTER Awhile YOU Won't Even BE RELIEVED THAT YOU Didn't GET KILLED OR Something???? YOU Will JUST START TO Pray FOR DEATH!!!!! & YOU WILL Your CHILDREN ALL OF THEM WILL BE SUICIDAL WITH YOU!!!!!! EVERY DAY HERE STILL!!!!& I KNEW THAT MY IDEAS WOULD 100% MAKE THE BIG BIGGEST MONEY EVER!!!!!? & IT WAS AIMED AT INVESTORS!!!!!! & I WAS RIGHT!!!!! & IT'S MORE ABOUT THE GOVERNMENT STEALING This FROM ME THAN ANYTHING Else???? I'm AN EXPERT IN TELEVISION & IN US Marketing & IN ADVERTISING??? & IN WHAT WORKS & WHAT SELLS Consumers!! & I HAD PRIOR GRAPHICS ART EXPERIENCE & COLLEGE & ADVERTISING EXPERIENCE With Lamar ADVERTISING!!!!! A BILLBOARD STAPLE IN THE USA!!!? & They're ALL FROM Canada???? & They're JEALOUS LYING IDIOTS MAYBE???? & SO NOW IT'S ALL JUST A WAY FOR THE GOVERNMENT TO STEAL ALL OF The Credits, & THE ADVERTISING PROFITS From ME Than Anything Else!!!!!!! THEY Don't PROSECUTE COPYRIGHT THEFT & Grand THEFT? & PLAGIARISM??? HERE IF THE PERPETRATOR IS GAY FAGGOTS From Canada????? HAS ANYONE EVER HEARD OF Interpol?????IT'S GOTTA BE IT'S EITHER THAT??? Or It's PROBABLY A GUY From HIGH SCHOOL????",0,0,Suzanne Byars,juFmTNbFh8g,0.016699801250797678,2018-01-24 03:24:31,False,False
2018-02-23T16:30:11,Good movie...............................,0,0,Alicze Lu,juFmTNbFh8g,0.7,2018-02-23 16:30:11,False,False
2018-08-31T06:28:46,"It's so deep and touching like no other, a must watch if you have been hurt in love. I used my boxxy software, cause it has subtitles in different languages and everything is for free.",0,0,Frank Di,juFmTNbFh8g,0.24375,2018-08-31 06:28:46,False,False
2018-10-15T22:27:03,"EXCEPTIONAL acting, script, directing, editing, production EVERYTHING!!!! One of the best films available on Netflix!!!",0,0,Kea Michelle,juFmTNbFh8g,0.6119791666666666,2018-10-15 22:27:03,False,False
2018-12-07T05:55:51,Go MGTOW.,0,0,rEvolución MGTOW México,juFmTNbFh8g,0.0,2018-12-07 05:55:51,False,False
2018-12-11T09:04:07,"SPOILER ALERT:  when you've seen the movie and rewatch the trailer... and you realize there's a completely different meaning behind the ending line ""nobody gets away with what you did...nobody"" than what the trailer suggested... it's a line she reads from the book he wrote, but he's actually almost talking directly at her THROUGH it.. referring to what she did to him in their real lives...",1,0,emilie11291,juFmTNbFh8g,-0.020000000000000007,2018-12-11 09:04:07,False,False
2019-06-29T16:48:21,REVENGE,0,0,Black to the Pink we're pretty and savage,juFmTNbFh8g,0.0,2019-06-29 16:48:21,False,False
2019-09-23T20:22:41,You know me i never sleep,0,0,Ahmet Karapinar,juFmTNbFh8g,0.0,2019-09-23 20:22:41,False,False
2019-10-14T16:34:02,"I think Nocturnal Animals is a masterpiece.  Not only the acting, but also the story in general.  Tom Ford is a master director in my opinion.  Everything from the lighting to the staging in the movie is amazingly well thought out.  Even if the story is tragic, it has something many people can relate to, such as lost opportunities or past regret from things done in the past and which resurface years later.  It would be wonderful if Tom Ford took on more film projects.  I find this an extremely good film.",0,0,Alpha Bravo,juFmTNbFh8g,0.16153846153846155,2019-10-14 16:34:02,False,False
